000014.pid, bicycle, 10.802047729492191, -2.833348210652674, -3.383573087056477, 0.6292783617973328, 90.11065143398197
000015.pid, bicycle, 10.774356621962331, -2.9477034348707956, -3.22316892330463, 0.632770299911499, 152.13247240436877
000016.pid, bicycle, 10.816151105440584, -2.8295536683155973, -3.42471590408912, 0.598825991153717, 89.98577743726501
000017.pid, bicycle, 10.813885688781744, -2.946508864561718, -3.21885444720586, 0.5483049154281616, -60.21176121904799
000018.pid, bicycle, 10.804266929626468, -2.9871050661260443, -3.2211659171364517, 0.5977790951728821, -61.32953228139639
000019.pid, bicycle, 10.79316799457257, -2.8843367283160903, -3.3045686391683713, 0.572145402431488, 91.36516008495713
000020.pid, bicycle, 10.816977427555967, -2.9700859326582734, -3.210256686577429, 0.5400633811950684, -65.08202438880369
000021.pid, bicycle, 10.806007321675622, -2.9564128239949574, -3.2351635297139483, 0.5878620147705078, -68.13825022247269
000022.pid, bicycle, 10.763275082906093, -2.9737692674001095, -3.2546969572703035, 0.570589542388916, -62.92977472255493
000023.pid, bicycle, 10.799280847821919, -2.9047531144959615, -3.2931688513074593, 0.5763458013534546, 93.66813360469756
000024.pid, bicycle, 10.780702045985638, -2.950260537011281, -3.231294666017804, 0.6197207570075989, -58.62125089631977
000025.pid, bicycle, 10.809139823913577, -2.970099655787152, -3.219272454579671, 0.628773033618927, -62.44421945936383
000026.pid, bicycle, 10.797202990605284, -2.9264548191657456, -3.2053739290971013, 0.6260912418365479, -55.18847009348948
000027.pid, bicycle, 10.797315870012559, -2.8870245388576024, -3.2918442317417678, 0.6214836239814758, 92.69407058222647
000028.pid, bicycle, 10.778583272298182, -2.9724223772684732, -3.229178444544474, 0.5901660323143005, -51.124889095861114
000029.pid, bicycle, 10.802625656127935, -2.959603230158491, -3.236925363540648, 0.5901558995246887, -68.87179653210598
000030.pid, bicycle, 10.798777360182548, -2.951965295351471, -3.2051792878371015, 0.5671373009681702, -65.33619861574235
000031.pid, bicycle, 10.798768679300945, -2.9331766287485777, -3.2177980581919345, 0.5788176655769348, -58.89413094495324
000032.pid, bicycle, 10.773129871913367, -2.976862600871498, -3.2361816849027356, 0.591209352016449, -50.167275833976014
000033.pid, bicycle, 10.800676822662359, -2.9002710155078364, -3.293136511530194, 0.6047897934913635, 94.12724847606059
000034.pid, bicycle, 10.805545220008268, -2.8094498469279383, -3.4214980052067676, 0.599301815032959, 89.48165328598998
000035.pid, bicycle, 10.809816741943365, -2.9367061932881673, -3.2156172752380363, 0.6103612780570984, -54.69001566565755
000036.pid, bicycle, 10.770178222656254, -2.958467594782514, -3.2292302131652817, 0.6037066578865051, -44.34904409947943
000037.pid, bicycle, 10.811603472783018, -2.813460423396187, -3.421546825995811, 0.6064655780792236, 88.80624973486589
000038.pid, bicycle, 10.80774674048791, -2.935218902734611, -3.182918420204748, 0.6094964146614075, -51.21559747926862
000039.pid, bicycle, 10.808195114135744, -2.8866515251306355, -3.308417521990262, 0.6114235520362854, 90.55550198154532
000040.pid, bicycle, 10.80426582923303, -2.9649485991551314, -3.2061887337611266, 0.6150765419006348, -61.43569242238231
000041.pid, bicycle, 10.790992810175974, -2.8734922042259816, -3.3035657589252168, 0.5957093834877014, 91.25423394179761
000042.pid, bicycle, 10.808173247746065, -2.9620678935732223, -3.2019178356443123, 0.6018542051315308, -62.95913324922878
000043.pid, bicycle, 10.803399835314073, -2.817765874522074, -3.3967287370136803, 0.6086978912353516, 88.8490252168733
000044.pid, bicycle, 10.795139821370446, -2.9761738618214943, -3.2473717212676996, 0.5664665102958679, -59.75122864666606
000045.pid, bicycle, 10.775694847106937, -2.970387299855548, -3.228837045033772, 0.5935391187667847, -50.43164768928369
000046.pid, bicycle, 10.803714942932132, -2.876732218265532, -3.358041024208068, 0.6103244423866272, 91.30639673574775
000047.pid, bicycle, 10.806610924857008, -2.933811443192618, -3.2205113853727063, 0.5970543622970581, -53.96806313760482
000048.pid, bicycle, 10.805230890001573, -2.908282160758973, -3.2941960947854168, 0.6103683114051819, 93.6836909897921
000049.pid, bicycle, 10.806098597390317, -2.9570644412721925, -3.2012776647295262, 0.5829159617424011, -63.98351762050469
000050.pid, bicycle, 10.7860496384757, -2.950486660003665, -3.210018856184823, 0.6331289410591125, -57.50832295498099
000051.pid, bicycle, 10.798070635114405, -2.825160699231294, -3.400520256587435, 0.5877566337585449, 89.76202030253228
000052.pid, bicycle, 10.785858631134039, -2.970813254515329, -3.1934241652488704, 0.6384792327880859, -61.54358892571609
000053.pid, bicycle, 10.791007702167224, -2.8787136811476497, -3.304201933053823, 0.6104430556297302, 91.17748652618309
000054.pid, bicycle, 10.747655042012534, -2.9484941164652496, -3.236569929122924, 0.6390774250030518, 149.9160183983587
000055.pid, bicycle, 10.797268500694868, -2.8932700157165536, -3.3033039386455822, 0.6485885381698608, 92.99487871774198
000056.pid, bicycle, 10.805778249104824, -2.8219043175379466, -3.379587952295938, 0.5994012951850891, 89.0577424109861
000057.pid, bicycle, 10.801901117960618, -2.959307543436689, -3.2377677122751862, 0.616413950920105, -68.4609746550216
000058.pid, bicycle, 10.761488735675814, -2.978085190057757, -3.247756972908973, 0.6018648147583008, -54.01424810805612
000059.pid, bicycle, 10.796497491689832, -2.893558502197268, -3.3028917129223156, 0.6341670155525208, 92.42960947088969
000060.pid, bicycle, 10.796311787196572, -2.8860319001334065, -3.2940634659358423, 0.5695760846138, 91.96841852624172
000061.pid, bicycle, 10.799345623363154, -2.994611783461136, -3.2050303762609302, 0.5806920528411865, -62.37956888804842
000062.pid, bicycle, 10.782295290629074, -2.9497867425282824, -3.22579321861267, 0.5840928554534912, -56.563760610208504
000063.pid, bicycle, 10.803288332621262, -2.819909898440047, -3.3811321417490627, 0.6097230911254883, 89.84733335919223
000064.pid, bicycle, 10.778321412893446, -2.944147403423604, -3.212908873191246, 0.5749700665473938, -55.92101284572091
000065.pid, bicycle, 10.789443122016065, -2.9626466698116727, -3.192372375064425, 0.6118937134742737, -58.37491266606602
000066.pid, bicycle, 10.796423618610095, -2.886866597028878, -3.3049763165987445, 0.621159017086029, 90.87269912947735
000067.pid, bicycle, 10.810569469745348, -2.9425387382507315, -3.1847102825458227, 0.6218550205230713, -56.19306389201182
000068.pid, bicycle, 10.780883652823317, -2.97120577948434, -3.239024673189435, 0.5581213235855103, -46.25787470568921
000069.pid, bicycle, 10.793819941007175, -2.803974490899307, -3.4176089213444625, 0.6027043461799622, 89.29525787693242
000070.pid, bicycle, 10.79531548817953, -2.9756527423858654, -3.2243950684865306, 0.6211608052253723, -59.378169720913185
000071.pid, bicycle, 10.800263132367819, -2.8918310744421833, -3.292147942951747, 0.6212174296379089, 92.7361659413052
000072.pid, bicycle, 10.762741327285772, -2.9824900776147842, -3.2487260550260535, 0.6327016949653625, -55.88298931378555
000073.pid, bicycle, 10.789699554443365, -2.945268920489721, -3.225484899112156, 0.6140421628952026, -57.30139998662005
000074.pid, bicycle, 10.805892944335943, -2.817014726003014, -3.380247243245442, 0.6141072511672974, 88.90004202652305
000075.pid, bicycle, 10.810153075626923, -2.9689411095210483, -3.204090595245361, 0.5947145819664001, -62.72938364977271
000076.pid, bicycle, 10.804823194231307, -2.9273239203861783, -3.219615527561732, 0.589495062828064, -54.688765020070804
000077.pid, bicycle, 10.815593459389433, -2.9936517802151794, -3.2066300999034514, 0.595234751701355, -67.54214041254218
000078.pid, bicycle, 10.800658634730754, -2.8895736507007075, -3.29292561326708, 0.5951786637306213, 91.67834618276548
000079.pid, bicycle, 10.780300873976492, -2.949576286169201, -3.214790454277625, 0.6047741770744324, -60.922572526561815
000080.pid, bicycle, 10.8087101663862, -2.9698381423950226, -3.2026308264051155, 0.6243535876274109, -61.31463034530362
000081.pid, bicycle, 10.817601790794964, -2.971731369311993, -3.2118199972005987, 0.6153673529624939, -66.14619838984183
000082.pid, bicycle, 10.784978787104293, -2.8534424901008655, -3.2911604245503736, 0.6010535359382629, 91.62263113085004
000083.pid, bicycle, 10.805741500854499, -2.8254767576853492, -3.3807100772857654, 0.6089557409286499, 89.89865602294668
000084.pid, bicycle, 10.768503042367794, -2.9405894829676735, -3.1961334852071897, 0.6324043869972229, -63.49172542791734
000085.pid, bicycle, 10.78323793411255, -2.7651541630427032, -3.3957014481226597, 0.641197919845581, 89.02595107290713
000086.pid, bicycle, 10.80686532534086, -2.966061206964345, -3.206835013169508, 0.6459013819694519, -61.80338153680287
000087.pid, bicycle, 10.795055866241459, -2.99408485208239, -3.2327196938650937, 0.6493346095085144, -58.46855380439387
000088.pid, bicycle, 10.802463595072433, -2.8220266660054554, -3.381276750564574, 0.6235392093658447, 89.84577850248606
000089.pid, bicycle, 10.79853994196112, -2.927624008872296, -3.188104239377108, 0.6518088579177856, -48.39087923123444
000090.pid, bicycle, 10.815823408273552, -2.8227687157117414, -3.4241208846752453, 0.6638251543045044, 89.28188755585377
000091.pid, bicycle, 10.786820956638886, -2.971606765474597, -3.2294092518942685, 0.6034107804298401, -61.27548487481443
000092.pid, bicycle, 10.809171063559399, -2.9728183746337913, -3.2039993490491585, 0.5874582529067993, -61.97353198661151
000093.pid, bicycle, 10.805929581324266, -2.993784666061405, -3.242675960063934, 0.6133992075920105, -63.100673323090085
000094.pid, bicycle, 10.796165466308597, -2.8844813363892703, -3.2927771125520975, 0.6418899893760681, 91.37490845545791
000095.pid, bicycle, 10.77655925750733, -2.97206471761068, -3.2305723826090484, 0.6185187697410583, -43.03620115934429
000096.pid, bicycle, 10.803713480631517, -2.883014023303989, -3.3210087021191903, 0.6201282739639282, 91.57684264118187
000097.pid, bicycle, 10.81216401320238, -2.959630544369037, -3.2081080583425665, 0.6164389848709106, -63.75906259136068
000098.pid, bicycle, 10.800986735026045, -2.954604625701906, -3.2424262841542557, 0.600526750087738, -65.27152486030079
000099.pid, bicycle, 10.791952212651575, -2.8374013006687178, -3.2888423999150587, 0.6372172236442566, 91.82970209694474
000100.pid, bicycle, 10.8090820993696, -2.9601216316223167, -3.2017414569854727, 0.6389576196670532, -63.23816553763026
000101.pid, bicycle, 10.80089861551921, -2.9325158913930287, -3.218519306182861, 0.6389738917350769, -60.14080291275811
000102.pid, bicycle, 10.807222230093823, -2.9703914948872168, -3.223366260528564, 0.6244825720787048, -62.48835568639661
000103.pid, bicycle, 10.796469347817562, -2.8852768455232902, -3.2933491979326504, 0.6408117413520813, 91.77579725595453
000104.pid, bicycle, 10.782841546194899, -2.9396796567099437, -3.20872173990522, 0.629414975643158, -61.86426096813147
000105.pid, bicycle, 10.802270375765291, -2.963663339614869, -3.206076328571025, 0.6222243309020996, -61.572377835383556
000106.pid, bicycle, 10.80921202439529, -2.9019769888657825, -3.305924892425536, 0.6121159791946411, 93.52136992832953
000107.pid, bicycle, 10.796696117946084, -2.878310910293034, -3.29237995828901, 0.6306917071342468, 91.02010627945124
000108.pid, bicycle, 10.766791275569375, -2.9970484461103206, -3.2674270357404427, 0.5710914134979248, -56.541871018019435
000109.pid, bicycle, 10.815057927911935, -2.9130820794539045, -3.340945915742353, 0.5913043022155762, 91.67727752669381
000110.pid, bicycle, 10.801563336299019, -2.8834528006040165, -3.307476630577673, 0.6156697869300842, 91.66483571624688
000111.pid, bicycle, 10.791894325843227, -2.9678402313819308, -3.1901913239405695, 0.6118546724319458, -62.29912461682034
000112.pid, bicycle, 10.815018947307887, -2.823766341576214, -3.423524654828584, 0.6073302626609802, 89.19794790939221
000113.pid, bicycle, 10.756320571899417, -2.9799208164215125, -3.2536135991414383, 0.6444486975669861, -55.43125284388842
000114.pid, bicycle, 10.795267718178891, -2.8100186160632554, -3.3966669184820986, 0.6712087988853455, 89.71223390238723
000115.pid, bicycle, 10.784033026014061, -2.948125651904518, -3.2092574834823604, 0.5895200371742249, -57.86734618229689
000116.pid, bicycle, 10.811148936931907, -2.8975470157770022, -3.308549550863412, 0.6133245825767517, 92.51474721617147
000117.pid, bicycle, 10.810345904032394, -2.9394087314605724, -3.2163303534189853, 0.6771127581596375, -54.352695243132736
000118.pid, bicycle, 10.79667421487662, -2.9020747129733824, -3.3045014784886275, 0.6382491588592529, 92.82678678407677
000119.pid, bicycle, 10.755522092183435, -2.9518489042917895, -3.234360074996948, 0.6631868481636047, -67.98169249776524
000120.pid, bicycle, 10.806439971923833, -2.8191923936208148, -3.379929876327514, 0.634442925453186, 89.26207246865184
000121.pid, bicycle, 10.80997616904123, -2.9673471110207714, -3.202831251280647, 0.6437222361564636, -61.3423788854414
000122.pid, bicycle, 10.791875918706262, -2.962006648381552, -3.2533453106880184, 0.6049838662147522, -63.552218641126025
000123.pid, bicycle, 10.797384262084966, -2.8241716453007277, -3.4000170401164453, 0.5916322469711304, 89.69535694598807
000124.pid, bicycle, 10.808437551770895, -2.964839288166592, -3.20249239036015, 0.6660449504852295, -62.07409573954296
000125.pid, bicycle, 10.804503822326662, -2.9629202047983814, -3.2374007383982337, 0.6510783433914185, -68.54198535364287
000126.pid, bicycle, 10.84056606292725, -2.9786520719528182, -3.2091805219650262, 0.6625415086746216, -53.050380457234304
000127.pid, bicycle, 10.792651108333049, -2.8130378212247584, -3.398279735020228, 0.6487390398979187, 89.53870327422413
000128.pid, bicycle, 10.810600008283348, -2.9672748361315078, -3.2227520431791024, 0.6315454840660095, -69.52907499207785
000129.pid, bicycle, 10.795785170335039, -2.9267967664278483, -3.206125112680288, 0.6446973085403442, -55.79174107322346
000130.pid, bicycle, 10.775248380807735, -2.9394602775573775, -3.2131919494042025, 0.624430239200592, -60.23597016366738
000131.pid, bicycle, 10.803061705369222, -2.959863094183118, -3.205885923825776, 0.6215876936912537, -62.339455901500266
000132.pid, bicycle, 10.807276789347334, -2.824834354718528, -3.37992836634318, 0.6360646486282349, 89.60120956185038
000133.pid, bicycle, 10.802589225769047, -2.9536778926849365, -3.2414604187011715, 0.644201934337616, -66.24334102575796
000134.pid, bicycle, 10.773664406367715, -2.9409221410751343, -3.2110028948102673, 0.6432619094848633, -63.25363399375468
000135.pid, bicycle, 10.793954555804918, -2.8881481244013902, -3.3027270023639375, 0.616412341594696, 92.16837196108551
000136.pid, bicycle, 10.75726795196534, -3.001382668813068, -3.211294995413885, 0.6183526515960693, -62.12657698353869
000137.pid, bicycle, 10.803164291381842, -2.8248623927434293, -3.3815314928690583, 0.655471920967102, 89.8759481877575
000138.pid, bicycle, 10.775272516103895, -2.941057645357572, -3.213076224693885, 0.6278695464134216, -60.12154887864619
000139.pid, bicycle, 10.799938814980647, -2.8214750460215976, -3.3995964016233167, 0.6273212432861328, 89.88443468374443
000140.pid, bicycle, 10.761316239833835, -2.9805400520563134, -3.248117268085479, 0.6224172711372375, -55.772870418313985
000141.pid, bicycle, 10.797226826349897, -2.8935276170571647, -3.320807635784149, 0.6566935777664185, 91.14313750719145
000142.pid, bicycle, 10.813716448270364, -2.971481286562406, -3.2094216896937433, 0.6145772933959961, -62.15425603346771
000143.pid, bicycle, 10.815632070813864, -2.9761313029697996, -3.2465012584413793, 0.6380366086959839, -70.96673972546387
000144.pid, bicycle, 10.80608347484044, -2.959971683365956, -3.2026197399411873, 0.6430047154426575, -64.42558049720631
000145.pid, bicycle, 10.77494181119479, -2.9443192115196815, -3.2132331041189337, 0.6260836720466614, -60.1003834909833
000146.pid, bicycle, 10.787676811218265, -2.890134004446182, -3.306496198360736, 0.5923791527748108, 91.8769984831439
000147.pid, bicycle, 10.808034692491807, -2.969607949256897, -3.203829850469316, 0.6285902261734009, -62.23513025946212
000148.pid, bicycle, 10.802618173452528, -2.9293554012592042, -3.2254132674290577, 0.6089942455291748, -53.831076187712334
000149.pid, bicycle, 10.810225146157407, -2.971995030130663, -3.203285285404749, 0.605156421661377, -61.56746261738281
000150.pid, bicycle, 10.80014916828701, -2.891119292804174, -3.2910900797162728, 0.6105005145072937, 91.38486299685458
000151.pid, bicycle, 10.797296230609605, -2.9300139133746796, -3.206010066545926, 0.6016781330108643, -54.609468992748404
000152.pid, bicycle, 10.792351341247562, -2.977244663238529, -3.2248196601867667, 0.5915929079055786, -60.264833799683565
000153.pid, bicycle, 10.780972417195642, -2.972200473149621, -3.2288104693094883, 0.5990525484085083, -53.76334671129659
000154.pid, bicycle, 10.805633544921879, -2.960637331008916, -3.2006520373480654, 0.6028867363929749, -61.41431229134975
000155.pid, bicycle, 10.803841590881353, -2.9157030085722666, -3.3228967189788814, 0.5950952768325806, 92.16517884667519
000155.pid, car, 10.156270133124464, 25.344905217488602, -4.37152518166436, 0.891576886177063, 107.10269553066658
000156.pid, bicycle, 10.796202659606939, -2.952501964569093, -3.238007465998331, 0.6040701866149902, -67.35669998827336
000156.pid, car, 10.273034141177227, 24.517163685389928, -4.2182459604172475, 0.870190441608429, 109.62782744848485
000157.pid, bicycle, 10.807367451985682, -2.965832742055258, -3.2184803485870352, 0.5999082326889038, -63.06787988008562
000157.pid, car, 10.475441859318662, 23.34462936107929, -4.073621538969186, 0.8258774280548096, 108.89504923697105
000158.pid, bicycle, 10.778227072495687, -2.949033462084261, -3.2135178859417244, 0.6413102149963379, -57.59925252774473
000158.pid, car, 10.858281699093908, 22.068351658907805, -4.009036421775817, 0.8263508677482605, 115.55484806019021
000159.pid, bicycle, 10.799746785845082, -2.901815388883866, -3.2932673692703243, 0.6334418058395386, 93.8593499071154
000159.pid, car, 11.093078295389812, 21.15323965890067, -3.9827854860396608, 0.8481222987174988, -61.28159063674429
000160.pid, bicycle, 10.805737222943991, -2.9323291608265487, -3.21990418434143, 0.6315770745277405, -53.828548468583726
000160.pid, car, 11.304500635932477, 19.82814934674431, -3.946401904611026, 0.83311927318573, -67.08676501628747
000161.pid, bicycle, 10.80580425262452, -2.9634799446378475, -3.2026977709361475, 0.6358641386032104, -63.29638387383972
000161.pid, car, 11.642886810302736, 18.294748306274414, -4.016241512298583, 0.8444837927818298, 106.55866905059271
000162.pid, bicycle, 10.79619539701022, -2.9236753903902484, -3.205923575621384, 0.6296157240867615, -56.31733014391613
000162.pid, car, 12.091830432415014, 16.8921440243721, -4.041452944278716, 0.8354784250259399, 109.72885608435737
000163.pid, person, -0.35495028688778624, -15.229148334927036, -3.4484269618988024, 0.30174893140792847, -50.52550041096103
000163.pid, bicycle, 10.799658979688376, -2.892866117613658, -3.2923193659101204, 0.6135147213935852, 92.5537820172734
000163.pid, car, 12.445453107357029, 15.48252123594284, -3.9677025377750392, 0.8424245715141296, 117.37732239192883
000164.pid, bicycle, 10.807941143329328, -2.939595735990082, -3.1843340396881095, 0.5804269909858704, -56.58901303105271
000164.pid, car, 12.507088617845017, 14.686692714691162, -3.9304139397361055, 0.8354155421257019, 110.70223238534484
000165.pid, bicycle, 10.788539886474616, -2.8581011692682927, -3.292082687218983, 0.580238938331604, 90.85114831906
000165.pid, car, 12.930797793648463, 13.425642923875289, -3.8007557500492437, 0.8248550295829773, 119.01218249015463
000166.pid, bicycle, 10.782750061580119, -2.94271426541465, -3.2087136677333277, 0.6037276387214661, -60.85454631107769
000166.pid, car, 13.165211617946627, 12.396468579769135, -3.7557524740695944, 0.851643443107605, 120.17077371725175
000167.pid, person, -0.19070780556648267, -15.185021018981939, -3.8061470270156845, 0.41886159777641296, 177.24668597004097
000167.pid, bicycle, 10.792052709139314, -2.875513003422663, -3.303161786152766, 0.6321224570274353, 91.46309610241211
000167.pid, car, 13.414774665832521, 11.489876174926758, -3.740688457489013, 0.8373573422431946, 119.80404955754354
000168.pid, bicycle, 10.80504969188146, -2.9622184378760212, -3.2030407701219827, 0.6344706416130066, -64.45041665426965
000168.pid, car, 13.658637126286827, 10.421235879262287, -3.7147019207477565, 0.8460925817489624, 107.08792382340022
000169.pid, person, -0.03751157838850725, -15.18023939132691, -3.8031956434249863, 0.3625507652759552, -146.82198438170087
000169.pid, bicycle, 10.795909074636608, -2.925501089829665, -3.2057511072892404, 0.6242087483406067, -55.1686805163205
000169.pid, car, 13.906194722210921, 9.732899171334726, -3.6260817050933833, 0.8563376069068909, 90.76089151033217
000170.pid, person, 0.14445051527582844, -15.27805313697228, -3.6463967653421245, 0.492722749710083, -37.65009574918575
000170.pid, bicycle, 10.806597164699012, -2.9641845907483804, -3.2031407526561186, 0.6178787350654602, -62.81384797362829
000170.pid, car, 14.020542966908424, 8.69038280947455, -3.604184002711855, 0.8530451655387878, 103.21061438429652
000171.pid, person, 0.28865198697895506, -15.336897850036621, -3.538561548505509, 0.5311033129692078, -33.54047429468472
000171.pid, bicycle, 10.80137729644776, -2.817638541970936, -3.3992953981672005, 0.6386204957962036, 89.05904440834364
000171.pid, car, 14.38279020375219, 7.791958266291124, -3.5965118901482938, 0.8339085578918457, 98.1038834904337
000172.pid, person, 0.3501732500735729, -15.3373703956604, -3.6174607574939714, 0.6239014267921448, -32.92127311207361
000172.pid, bicycle, 10.783238665262862, -2.949563805262249, -3.2266496817270904, 0.6466189622879028, -58.3703914408184
000172.pid, car, 14.447249031066898, 6.488931810855864, -3.6602808177471156, 0.814723789691925, 88.67775856436009
000173.pid, person, 0.37064228052847087, -15.317397411052998, -3.632495971826406, 0.5149143934249878, -35.044983356641914
000173.pid, bicycle, 10.771072251456129, -2.9631525448390446, -3.232980677059718, 0.6536152362823486, -52.996404007297265
000173.pid, car, 14.608586910159092, 5.676675269770067, -3.6874372293782782, 0.7700231671333313, 86.60590559853551
000174.pid, person, 0.38679129544359614, -15.291430620046766, -3.7312960074498083, 0.5242118835449219, -32.38071519775127
000174.pid, bicycle, 10.797043595995229, -2.8899477805410143, -3.2916688408170423, 0.6355057954788208, 93.37067339976373
000174.pid, car, 14.378929896232412, 4.906286337436772, -3.5744247803321243, 0.810581624507904, 83.88986129951415
000175.pid, person, 0.5433045418134829, -15.340515886034284, -3.609438776969909, 0.46968454122543335, -25.882907427801676
000175.pid, bicycle, 10.793589078463045, -2.8838928937911996, -3.304368294202363, 0.6509303450584412, 90.73954465142458
000175.pid, car, 14.761993896670461, 4.041684825245927, -3.6096507281791865, 0.8075019717216492, 87.08812122705848
000176.pid, person, 0.6543107982724975, -15.331926643848423, -3.610288813710212, 0.5462293028831482, -25.401978477240878
000176.pid, bicycle, 10.764778137207035, -2.9631056785583527, -3.2354729516165586, 0.6511935591697693, -43.42426846966981
000176.pid, car, 14.936437019935024, 3.2626491082020275, -3.5459552850478726, 0.7658572196960449, 87.24367528943351
000177.pid, person, 0.7516268137842468, -15.34127110242844, -3.6187380701303464, 0.4245178997516632, -26.097455057445536
000177.pid, bicycle, 10.797241006578721, -2.8833732775279453, -3.2925677299499507, 0.6208764314651489, 91.93662260094634
000177.pid, car, 15.024766540527347, 2.442689246684311, -3.606753033399581, 0.7767358422279358, 100.42946927787926
000178.pid, person, 0.8092069663107447, -15.359310507774353, -3.696554437279701, 0.3211575150489807, -29.043775114961214
000178.pid, bicycle, 10.767351082393105, -2.9663787228720517, -3.2355665819985515, 0.6206716895103455, -41.53709878147478
000178.pid, car, 14.975681330028337, 1.7651541350703472, -3.494904925948694, 0.8240106701850891, 93.28864485425322
000179.pid, person, 0.9049557702882022, -15.3657146862575, -3.6926623923437925, 0.4038269817829132, -28.555285845746262
000179.pid, bicycle, 10.80004841940744, -2.901921740600041, -3.2940667697361534, 0.6393592357635498, 93.52591751697528
000179.pid, car, 15.091371492906053, 0.8564811836589449, -3.6521985368295145, 0.7924183011054993, 97.40918204632598
000180.pid, person, 0.9342828287797861, -15.37995854546042, -3.6593597636503326, 0.4768207371234894, -31.463057925734056
000180.pid, bicycle, 10.808748653956826, -2.934505854334149, -3.2212412187031334, 0.5945730805397034, -54.73555214161404
000180.pid, car, 15.286097749750665, 0.1081477583217525, -3.6105711713750304, 0.7748854160308838, 97.6311262795204
000181.pid, person, 1.0243048429489185, -15.370957819620772, -3.567661428451537, 0.39191603660583496, -30.28345501688623
000181.pid, bicycle, 10.758692105611168, -2.9271538456281063, -3.1978362202644335, 0.6072155833244324, 160.43635890125273
000181.pid, car, 15.207680565970287, -0.5408158744020151, -3.650549985924545, 0.7966790199279785, 92.69540071253326
000182.pid, person, 1.1007158630772684, -15.397841804905944, -3.6624233848170213, 0.4072956442832947, -24.028389438714797
000182.pid, bicycle, 10.754599491755172, -2.971209804217023, -3.1881595253944384, 0.5983706116676331, -33.187644279893746
000182.pid, car, 15.14174034284509, -0.974736513063798, -3.5660498556883433, 0.7831857204437256, 91.34530567736174
000183.pid, person, 1.227647699807824, -15.39395698748137, -3.5350979880282747, 0.5036364197731018, -21.183844897277446
000183.pid, bicycle, 10.672838991338564, -3.093764283440335, -3.208075631748545, 0.6252772212028503, 178.10025433822227
000183.pid, car, 15.204565602679589, -1.5618788405906343, -3.617517382599586, 0.7992839217185974, 88.35855014773298
000184.pid, person, 1.3522422769490487, -15.367527176352112, -3.370080821654374, 0.3832736611366272, 152.06362511334
000184.pid, bicycle, 10.642288728193808, -3.1009331291372138, -3.355600530450993, 0.6655400395393372, 79.23531509326901
000184.pid, car, 15.423583244790839, -2.372443090364038, -3.573024029634436, 0.7758650779724121, 79.62961485108463
000185.pid, person, 1.3542315244674734, -15.416256332397463, -3.514314436912536, 0.4603564441204071, 152.64935129067553
000185.pid, bicycle, 10.57398915290833, -3.213400016228365, -3.3361901044845577, 0.6083575487136841, 75.28633170389547
000185.pid, car, 15.220143144780941, -2.6928319996053554, -3.6317726135253903, 0.791533887386322, -91.77809035321175
000185.pid, car, 14.898510456085207, -2.3233273724714985, -3.443028291066488, 0.5192754864692688, -148.84013493463866
000186.pid, person, 1.4170723524358586, -15.444322427113853, -3.50261108080546, 0.5725578665733337, 146.71807808961714
000186.pid, bicycle, 10.477725115689369, -3.5342228846116512, -3.2647099278189913, 0.5456862449645996, -107.5090790606342
000186.pid, car, 15.022319509627973, -3.240693531137834, -3.4835737563194105, 0.7612759470939636, -91.39880813385554
000186.pid, car, 15.275997906923296, -2.7355764769017745, -3.4484136030077934, 0.684502899646759, -65.33457298462542
000187.pid, person, 1.441612049937256, -15.469951152801514, -3.5642705112695685, 0.4867386817932129, 145.58519695789673
000187.pid, bicycle, 10.318717532687723, -3.7576388782925108, -3.3278407255808498, 0.5065551996231079, -102.67356122108012
000187.pid, car, 14.760436231439767, -3.67571659250693, -3.5219937075268133, 0.7535415291786194, -93.79706629776396
000187.pid, car, 15.030296897888187, -3.2452957338757034, -3.593929041756524, 0.581699550151825, -105.66980566684242
000188.pid, person, 1.5278122574091006, -15.449235498905185, -3.479822650551795, 0.4096870720386505, 154.94668478528553
000188.pid, bicycle, 10.13380146026612, -3.9932070862163225, -3.2998073534532013, 0.5094459652900696, -129.83314420552418
000188.pid, car, 14.615086925273042, -4.362635797383834, -3.6566391234495197, 0.7684652805328369, 78.43661682437283
000188.pid, car, 14.703632535161201, -3.90423753454879, -3.5483437422159554, 0.6552913784980774, -110.38751727594388
000189.pid, person, 1.5885628395610432, -15.495362811618385, -3.4579613871044574, 0.6236169934272766, 151.97549776143234
000189.pid, person, 10.166314506530767, -4.348298168182381, -3.764314508438111, 0.40447890758514404, -126.6512107995054
000189.pid, bicycle, 10.007529803684784, -4.288278852190294, -3.4694870540073937, 0.38277313113212585, 31.3196670262649
000189.pid, car, 14.572070598602297, -4.607328254601052, -3.573885120194533, 0.792413055896759, -103.35995237961129
000190.pid, person, 1.649127191305166, -15.501816892623902, -3.5250816822051996, 0.6473079323768616, 159.63808401580144
000190.pid, person, 9.947416441781186, -4.733104365212584, -3.8681128365652904, 0.3354388475418091, -124.3133767699378
000190.pid, bicycle, 9.8716813496181, -4.606408425739835, -3.5135539429528357, 0.5449621081352234, -117.78168790305946
000190.pid, car, 14.367956466674807, -4.751242856979371, -3.60483498096466, 0.7974079251289368, -107.38000904690418
000191.pid, person, 1.7114597119783141, -15.510006452861589, -3.4925762854124365, 0.6162705421447754, -14.712681286471152
000191.pid, bicycle, 9.816420078277593, -4.9870834350586, -3.932107925415039, 0.5061087012290955, -121.56384798205013
000191.pid, bicycle, 9.760295152664192, -4.827493349711102, -3.4733396569887787, 0.36729156970977783, -105.89838642739093
000191.pid, car, 14.018895765145622, -5.143572131792706, -3.524209146698315, 0.8168335556983948, -104.75769788662669
000192.pid, person, 1.7555411363902893, -15.565564205772004, -3.5043028655805077, 0.6241952180862427, -10.159018477027761
000192.pid, bicycle, 9.581813494364424, -5.004124164581301, -3.184226989746092, 0.37311094999313354, -103.8677183852513
000192.pid, car, 13.864017461475576, -5.2357490878356145, -3.5683315176712833, 0.8168466091156006, -113.53951326783803
000193.pid, person, 1.7998697638511711, -15.599848365783695, -3.440732371807097, 0.5629140138626099, 156.44084391108095
000193.pid, bicycle, 9.474119186401373, -5.251469400193958, -3.678541421890257, 0.6121518611907959, -100.89534047359959
000193.pid, car, 13.553479099273684, -5.728258961439134, -3.554114514589309, 0.7843793630599976, -112.32893541283093
000194.pid, person, 1.885424011283455, -15.622856511010063, -3.4826186498006177, 0.6192625164985657, 166.31688915099198
000194.pid, bicycle, 9.342511272430425, -5.407536458969119, -3.4478195428848246, 0.5561922192573547, -86.76271452309635
000194.pid, car, 13.44700794219971, -5.979098718816584, -3.418054754083806, 0.8106828331947327, -115.63735441080334
000195.pid, person, 1.9004384994506875, -15.594646692276005, -3.49130653142929, 0.5544450283050537, 160.7729035427328
000195.pid, bicycle, 9.496071338653566, -6.005953510602318, -3.3114803632100416, 0.5575361847877502, -41.23873185681088
000195.pid, car, 13.010516019967888, -6.179724130875027, -3.5863205836369434, 0.8153319358825684, -128.68654494084032
000196.pid, person, 1.963361166772393, -15.605200994582406, -3.478914964766729, 0.5208791494369507, 163.21619823565476
000196.pid, bicycle, 9.380248260498053, -6.219444084167482, -3.274111962318419, 0.6305736303329468, -38.9796886082755
000196.pid, car, 13.038938522338869, -6.361035429913067, -3.5799554845561152, 0.7874562740325928, -125.48439474231498
000197.pid, person, 2.0001502296199036, -15.621649659198265, -3.5495007763738213, 0.5310133099555969, 170.66181414896747
000197.pid, bicycle, 9.164015249772511, -6.445504578677096, -3.278499126434325, 0.63205885887146, -39.19267224313378
000197.pid, car, 13.117264581105067, -6.301111546773762, -3.3518069471631735, 0.7721543312072754, -131.41221679662297
000198.pid, person, 2.0716492732365963, -15.615835871015278, -3.421164024443853, 0.5118042230606079, 166.81325936309355
000198.pid, bicycle, 8.921402359008798, -6.551385593414311, -3.2581191778182976, 0.6736683249473572, -37.458540539356875
000198.pid, car, 12.82470237602622, -6.5926704810837595, -3.4065029903993773, 0.7486883401870728, -129.5297081774876
000198.pid, truck, 12.786498943964641, -6.586488127708436, -3.406572397549947, 0.5031636357307434, -131.39370302538265
000199.pid, person, 2.119849860668186, -15.612388654188676, -3.4089137857610523, 0.38955357670783997, -0.8308453978091777
000199.pid, bicycle, 8.691066169738777, -6.5626512050628705, -3.0918226718902577, 0.682218611240387, -6.048649750428105
000199.pid, car, 12.82870181690563, -6.567033559625802, -3.492573369633068, 0.7261142134666443, -138.4704361403957
000200.pid, person, 2.165951637994681, -15.61348070417132, -3.436011904761904, 0.5386785864830017, -4.20987115142543
000200.pid, bicycle, 8.579814477400351, -6.8724568973888065, -3.2677684697237868, 0.6694705486297607, -58.39204491875102
000200.pid, car, 12.718567328019578, -6.7523663260720035, -3.5996231978589845, 0.6927476525306702, -134.61164660212174
000201.pid, person, 2.210286306298302, -15.654161370318871, -3.476118378017259, 0.5715339183807373, -2.1849401253947303
000201.pid, bicycle, 8.46563884190151, -7.085323844637192, -3.210172125271388, 0.6193403005599976, -72.15412936830202
000201.pid, car, 12.559418178740005, -6.669206483023511, -3.603519155865624, 0.7090192437171936, -136.538806575488
000202.pid, person, 2.2560243785381378, -15.658007001876834, -3.4163908720016467, 0.6017302870750427, 166.8490751695144
000202.pid, bicycle, 8.340896239647503, -7.25600282962506, -3.2178693734682517, 0.5991215109825134, -130.01767768151333
000202.pid, car, 12.552114974620734, -6.69383879595025, -3.603562820789426, 0.6055845618247986, -138.07185635057132
000203.pid, person, 2.251598000526439, -15.67684680765326, -3.493898489258506, 0.32601332664489746, -6.110231681170802
000203.pid, bicycle, 8.2223129272461, -7.415881474812831, -3.1914117866092244, 0.6328837275505066, 5.027426417585602
000203.pid, car, 12.697602527897535, -6.663558494753958, -3.5406498153035235, 0.7090920209884644, -136.89893555592053
000204.pid, person, 2.3602847031184657, -15.688884962172738, -3.4134853567395886, 0.4443383514881134, 5.383449617334646
000204.pid, bicycle, 8.087714135646827, -7.627755880355835, -3.185598850250242, 0.6096437573432922, 5.679897586426256
000204.pid, car, 12.4776257073007, -6.795895099639897, -3.580457460589525, 0.6875379085540771, -134.5346261782176
000205.pid, person, 2.3802468890235593, -15.67798782530285, -3.471604846772693, 0.36804473400115967, 2.6352459561763086
000205.pid, bicycle, 8.035830795764928, -7.851366400718694, -3.3290064334869367, 0.45801109075546265, -171.4244418484244
000205.pid, car, 12.390113443941685, -6.794377159427957, -3.6948525841171675, 0.7626498937606812, -138.131253337376
000206.pid, person, 7.755114419119705, -8.120889799935483, -3.3434372288840146, 0.531443178653717, -102.53051168238107
000206.pid, person, 2.4096204612566114, -15.687226461327597, -3.489824999933657, 0.47256356477737427, 4.311406229226602
000206.pid, car, 12.305164019266767, -6.954494192486722, -3.6629795063109625, 0.7730833888053894, -137.6187975419339
000207.pid, person, 2.4535491580054916, -15.696514311290922, -3.4407863730476, 0.524466872215271, 2.80973023330894
000207.pid, car, 12.424055176812251, -6.817279583698998, -3.5834820012788513, 0.7475960850715637, -137.70324340532966
000208.pid, person, 7.594828605651862, -8.825930356979372, -3.7719888985157013, 0.5704526305198669, -122.6460073233435
000208.pid, person, 2.4707875490188638, -15.685798263549804, -3.4289024591445907, 0.5239847302436829, 1.7991461528181896
000208.pid, bicycle, 7.615760735103071, -8.834612028939393, -3.7669544901166647, 0.5910840630531311, -122.175591726633
000208.pid, car, 12.41088218688965, -6.834921228885655, -3.7224152266979216, 0.7644855976104736, -135.651908314467
000209.pid, person, 7.343845454129312, -9.044679468328306, -3.5641886104236944, 0.5448411107063293, -92.90167259832063
000209.pid, person, 2.4765926429203633, -15.690850893656416, -3.4592271078200563, 0.4388231337070465, 4.08892325479317
000209.pid, bicycle, 7.423403978347783, -9.14249547322592, -3.8517115116119385, 0.6508250832557678, -121.30223086015388
000209.pid, car, 12.312154674530031, -6.808721613883975, -3.5341571867465973, 0.7698819637298584, -138.69974886908116
000210.pid, person, 7.159361928701405, -9.19947338104248, -3.424020260572433, 0.6118307113647461, -87.39892294054295
000210.pid, person, 2.5039447784423876, -15.669608402252198, -3.426539504528045, 0.34654155373573303, 2.9967987919679686
000210.pid, car, 12.613748526573183, -6.659002172946934, -3.6055281102657326, 0.7544347047805786, -137.6072437462067
000211.pid, person, 7.07714123952957, -9.401002611432759, -3.5047840163821258, 0.4988119304180145, -94.17002092772731
000211.pid, person, 2.382178181096136, -15.70859457317152, -3.579440945073178, 0.30214303731918335, 2.0913003537839137
000211.pid, bicycle, 7.1008607149124225, -9.725806236267099, -3.768314838409424, 0.4508691430091858, -112.18625197121807
000211.pid, car, 12.434071386182632, -6.765777884302916, -3.678710093369355, 0.7465494871139526, -137.12095705326638
000212.pid, person, 6.974566913786394, -9.545522735232401, -3.5262019520714163, 0.3509194254875183, -97.57640802267471
000212.pid, bicycle, 7.038515567779548, -9.852138519287118, -3.816412885983785, 0.6403539180755615, -105.75834050742048
000212.pid, car, 12.511146118766385, -6.847053314510149, -3.6177092727861915, 0.753367006778717, -134.82366772310334
000213.pid, bicycle, 6.924354314804084, -9.980415503184007, -4.071858247121176, 0.3673771023750305, -112.75846726365879
000213.pid, car, 12.473681449890138, -6.770552980899815, -3.630423480272293, 0.7387376427650452, -138.2455265954653
000214.pid, person, 6.698622544606533, -9.944722016652427, -3.5401525497436515, 0.3258645534515381, 31.920623738555076
000214.pid, bicycle, 6.726845979690559, -10.439014434814462, -4.169840335845947, 0.4113495945930481, -115.03899007824805
000214.pid, car, 12.48341258796486, -6.842194441202529, -3.668600204828623, 0.7711986303329468, -135.95405549325517
000215.pid, person, 6.529012203216557, -10.16904099782308, -3.4728549480438224, 0.3732529580593109, 39.867812228844166
000215.pid, bicycle, 6.683212757110605, -10.563811302185066, -4.19355046749115, 0.4810328185558319, -111.48455766490659
000215.pid, car, 12.303067671286096, -6.824212254704659, -3.6107391537846745, 0.7712345123291016, -138.77628522104365
000216.pid, car, 12.46540560373446, -6.918496131896977, -3.639080780308421, 0.7725890278816223, -135.0278225141351
000217.pid, bicycle, 6.4609490633010935, -10.96858286857606, -4.291776657104493, 0.48911604285240173, -114.34454734926638
000217.pid, car, 12.408210890633722, -6.84976316633679, -3.6416091180983043, 0.7799068093299866, -135.39723119006888
000218.pid, bicycle, 6.4267713228861565, -10.90487257639568, -4.2954050699869795, 0.4117296636104584, -112.70111239737952
000218.pid, car, 12.400269317626954, -6.86472045183182, -3.6303124248981478, 0.7864214181900024, -136.54627560418152
000219.pid, car, 12.257763260289243, -6.81611497778642, -3.6422200202941895, 0.764879047870636, -139.70081143259367
000220.pid, car, 12.34895398616791, -6.944421815872197, -3.618853449821472, 0.7746222019195557, -135.90221260291136
000221.pid, person, 5.896691640218106, -11.8775183359782, -2.901263236999512, 0.643348217010498, -159.79122587321086
000221.pid, car, 12.165183719835786, -6.927182159925766, -3.6379776565652144, 0.7654580473899841, -135.5601130253549
000222.pid, bicycle, 5.901995182037359, -12.036150217056285, -3.7530282139778137, 0.5678598284721375, -104.02192758475476
000222.pid, car, 12.413899512518023, -6.805597782135014, -3.609344244003296, 0.7607559561729431, -137.37656628891898
000223.pid, car, 12.168116831779482, -6.932568013668063, -3.6223162949085235, 0.7635563611984253, -138.24939220011592
000224.pid, car, 12.4702945508455, -6.843929039804563, -3.626200061095388, 0.7553880214691162, -135.72219905950166
000225.pid, person, 5.020212809244801, -13.490430831909189, -4.029612461725871, 0.799063503742218, 67.98772760714762
000225.pid, car, 12.252225155300566, -6.880621518029111, -3.6494158797793923, 0.7485506534576416, -137.18355092990447
000226.pid, person, 5.110786247253426, -13.224880027771007, -3.3011353492736815, 0.8013349771499634, -106.70672251026804
000226.pid, car, 12.311754071435265, -6.956046658892968, -3.647035060926925, 0.7504202723503113, -135.73775304212705
000227.pid, person, 5.105474233627327, -13.216057777404794, -3.516297864913941, 0.8224971294403076, -108.32803656334943
000227.pid, car, 12.415297985076908, -6.796510548818683, -3.5857538041614356, 0.7596601247787476, -140.85637722678743
000228.pid, person, 4.944649314880378, -13.54083251953126, -3.467281150817872, 0.8097712993621826, -111.50831199101162
000228.pid, car, 12.42263414859772, -6.9070627570152325, -3.6411955535411833, 0.7620717287063599, -134.6444710423285
000229.pid, person, 4.855647146701822, -13.71216106414796, -3.495700865983963, 0.8036559820175171, -111.73788849827852
000229.pid, car, 12.414859576103018, -6.802965176411169, -3.6850644441751332, 0.7662838101387024, -137.09692631513897
000230.pid, person, 4.77242541313172, -13.922423362731944, -3.5346980690956125, 0.812201976776123, -109.79982261422902
000230.pid, car, 12.348399911608018, -6.8579925355457165, -3.6217175722122192, 0.7595092058181763, -137.28162340521214
000231.pid, person, 4.649786949157721, -14.147362470626842, -3.576231002807618, 0.8013135194778442, -109.9867672950729
000231.pid, car, 12.058503014700756, -7.030763884953095, -3.6993633542742046, 0.757001519203186, -134.85202121166608
000232.pid, person, 4.498425223610627, -14.38598615472968, -3.7227144458077177, 0.7876250147819519, -136.710093267656
000232.pid, car, 12.361845660209658, -6.779586267471318, -3.656590574979782, 0.7550932765007019, -137.0964419882215
000233.pid, person, 4.489781141281137, -14.536019706726085, -3.6520929098129273, 0.8029976487159729, -117.90191150570342
000233.pid, car, 12.33461177043426, -6.845011197603669, -3.708857304010636, 0.7633248567581177, -136.314615488839
000234.pid, person, 4.367779169763847, -14.70577594212124, -3.574111887386867, 0.7949468493461609, 52.772585406563124
000234.pid, car, 12.076587322780066, -7.008889361790253, -3.683425215312413, 0.7627089619636536, -137.88186491980713
000235.pid, person, 4.319498428931611, -14.797212527348453, -3.4696275270902195, 0.8025876879692078, -124.89302949845771
000235.pid, car, 12.535273194313053, -6.765647575259213, -3.71500363945961, 0.7652809619903564, -137.9418000659724
000236.pid, person, 4.16239535808564, -14.994681517283132, -3.3350175817807517, 0.7482726573944092, -135.73995198685245
000236.pid, car, 12.292703539133074, -6.935101851820951, -3.8088344112038612, 0.7534753084182739, -131.7492862246563
000237.pid, person, 4.119073109193291, -15.049672907049013, -3.499090108004484, 0.7984156012535095, 39.17340118962955
000237.pid, car, 12.395258426666262, -6.885581350326542, -3.7150348126888275, 0.7577734589576721, -136.10422482576445
000238.pid, person, 3.989927664399154, -15.276253044605262, -3.586077705025673, 0.7920913100242615, -164.46621987481652
000238.pid, car, 12.379223055309723, -6.840062803692291, -3.7177312042978077, 0.7254915237426758, -135.9955518061362
000239.pid, person, 3.955541484496181, -15.46946329229019, -3.4489459851208855, 0.7752755880355835, -119.09138450290146
000239.pid, car, 12.254811127980552, -6.792634341451861, -3.726159989833832, 0.7910494804382324, -132.58086306661747
000240.pid, person, 3.976882743835459, -15.46298395792644, -3.460036150614421, 0.7720054984092712, 69.65843365353183
000240.pid, car, 12.199500786630733, -6.887934948268694, -3.748035932842054, 0.7709052562713623, -134.1222326218477
000241.pid, person, 3.947128314238338, -15.493918052086473, -3.331172521297749, 0.7817904353141785, -18.279502735316644
000241.pid, car, 12.162564045674094, -6.979682574401036, -3.735592049521369, 0.7111804485321045, -132.92612272858335
000242.pid, person, 3.950917053222665, -15.561321703592943, -3.4424326419830322, 0.7883738875389099, 75.90548084150109
000242.pid, car, 12.232424354553226, -6.8381985664367715, -3.691286325454712, 0.7591692805290222, -133.2943292071883
000243.pid, person, 3.90088708584126, -15.59930999462422, -3.349559600536641, 0.815430223941803, -31.83581469771535
000243.pid, car, 12.271108746528629, -6.953222143650059, -3.7092535853385926, 0.7743476629257202, -134.16110437664474
000244.pid, person, 3.8957379375185366, -15.617310387747636, -3.3793496574674338, 0.790928304195404, -28.45478914262803
000244.pid, car, 12.088419622845121, -6.963933971193105, -3.706207275390625, 0.8017651438713074, -134.7198504696005
000245.pid, person, 3.905493879318245, -15.596057001749681, -3.448747030893962, 0.8055354952812195, 76.64947905607399
000245.pid, car, 11.968729114532474, -7.056196379661564, -3.6533340394496916, 0.7563955187797546, -134.7198583995216
000246.pid, person, 3.9084564208984456, -15.600046666463223, -3.449533240000407, 0.7820497155189514, -106.23270682889435
000246.pid, car, 11.583579707790069, -7.2733569660702315, -3.6776492080172978, 0.7375171184539795, -134.7749133541383
000247.pid, person, 3.9414698918660562, -15.583859062194831, -3.446349795659383, 0.7832699418067932, 76.8832131199708
000247.pid, car, 11.771042619432725, -7.3380513645353815, -3.7267871981575373, 0.7386707663536072, -140.86202116556208
000248.pid, person, 3.938084176608503, -15.557135241372253, -3.423786810466222, 0.7836264371871948, 86.51627013391656
000248.pid, car, 11.339100577614525, -7.329361106410177, -3.712781371492328, 0.7776869535446167, -137.2012529586786
000249.pid, person, 3.9392197302409664, -15.554103306361615, -3.421934723854065, 0.7892441749572754, -45.55967006338643
000249.pid, car, 11.230377796718054, -7.466314056941446, -3.7401015213557653, 0.7969052791595459, -136.7671780303178
000249.pid, car, 11.053083101908369, -7.149751488367718, -3.836037373542785, 0.5829460024833679, 87.9803451937906
000250.pid, person, 3.903613879130444, -15.597446808448213, -3.3489997753730187, 0.7856736183166504, -31.67778851043878
000250.pid, car, 11.160339153174199, -7.463256055658519, -3.7648286385969687, 0.7600354552268982, -138.5218148175511
000250.pid, car, 10.965101273854577, -6.7475471258163475, -3.8849096218744905, 0.5876519083976746, 88.71693156948555
000251.pid, person, 3.9119687378406605, -15.621203720569618, -3.387455642223358, 0.7946662306785583, -36.20374580081344
000251.pid, car, 10.863395853740414, -7.501328107787346, -3.629577875137329, 0.7729660868644714, -146.02875613022633
000252.pid, person, 3.9057756832667843, -15.593927315303265, -3.4336126702172414, 0.792340874671936, -107.07811084853617
000252.pid, car, 10.805205512046815, -7.613790547847752, -3.711752897500992, 0.7569515109062195, -143.17909357066438
000253.pid, person, 3.924651696131787, -15.521368466890785, -3.398185161443857, 0.8012031316757202, 40.58714199497326
000253.pid, car, 10.410092149462022, -7.749743887356353, -3.698533466884068, 0.825341522693634, -141.1239847376359
000254.pid, person, 3.893672565619159, -15.561474959055593, -3.3160894314448046, 0.7874429225921631, -18.477916580268786
000254.pid, car, 10.063658805120562, -8.123481307710923, -3.7261207671392533, 0.8385403752326965, -140.47432585705874
000254.pid, car, 9.573704807846639, -7.238057363916329, -3.643156139938919, 0.5717089176177979, 77.56967018354483
000255.pid, person, 3.918270079294848, -15.595209185282396, -3.360831244786581, 0.783761739730835, -25.92369185154208
000255.pid, car, 9.840438405672712, -8.051207052336801, -3.743853125307295, 0.8678258061408997, -146.8913968793877
000255.pid, car, 9.62774767194476, -6.937360922495524, -3.763300078255789, 0.8137884736061096, 77.02286273919927
000256.pid, person, 3.9379493168422246, -15.548342841012145, -3.421292304992676, 0.7821149230003357, -50.14040119323413
000256.pid, car, 9.722166009851406, -8.161875943879828, -3.795083439027941, 0.8748396039009094, -137.39239144235395
000256.pid, car, 9.486266334851587, -6.9596499428153065, -3.779975901047388, 0.684829592704773, 77.34581751334092
000257.pid, person, 3.9165437380472907, -15.631097920735685, -3.398099295298259, 0.7938126921653748, -44.56476770139264
000257.pid, car, 9.677782937884334, -8.11432252824307, -3.7295254170894623, 0.8751570582389832, -139.4232058456628
000257.pid, car, 9.179405277425596, -7.418019912459633, -3.6657717986540352, 0.645674467086792, 75.25379300186007
000258.pid, person, 3.956258386373529, -15.56037491559983, -3.5063984394073486, 0.7842456698417664, -104.19521799624044
000258.pid, car, 9.068980487187705, -8.329116328557337, -3.8195634841918946, 0.8672420978546143, -141.60774375589938
000258.pid, car, 8.481212503769827, -7.795117392259491, -3.672330898397108, 0.5765911936759949, 77.49382086208755
000259.pid, person, 3.9264686841231207, -15.527688099787794, -3.399663760111882, 0.7710643410682678, 13.021238442558559
000259.pid, car, 8.788298885027572, -8.403683503468836, -3.8788172801335654, 0.8703812956809998, -139.37853938321751
000260.pid, person, 3.8952064330761336, -15.596671251150287, -3.348604367329524, 0.7666612863540649, -32.865610858931554
000260.pid, car, 7.984981576601669, -8.621816754341133, -3.489338477452596, 0.8936545848846436, -130.87599920512724
000260.pid, car, 7.512680590152746, -8.75517436861992, -3.42740811407566, 0.682540237903595, -140.05516249821036
000261.pid, person, 3.9366569348744056, -15.5497659955706, -3.4214220046997075, 0.7796217203140259, -54.08652162095926
000261.pid, car, 7.75603870245127, -8.892889719743001, -3.693705302018386, 0.8768688440322876, -134.0610648122395
000261.pid, car, 7.031850841310291, -8.630789438883463, -3.366831958293915, 0.692607045173645, 69.31530579446917
000262.pid, person, 3.9084255377451647, -15.627776654561368, -3.396639855702718, 0.7792641520500183, -42.11012530602315
000262.pid, car, 6.510294895905718, -10.134824147591228, -3.9668194422355065, 0.8929920792579651, -122.93483706441248
000262.pid, car, 6.743996721799258, -9.110121750440754, -3.4538012567113654, 0.7321438193321228, 23.40146316924561
000263.pid, person, 3.9066147437462524, -15.58291589296782, -3.3464334194476795, 0.7896977066993713, -28.168934730174023
000263.pid, car, 6.685318086458293, -9.377261379490731, -3.612891269766766, 0.8834773898124695, -121.55416016046212
000263.pid, car, 6.618745476007464, -8.842438171307247, -3.2947808553775144, 0.7128065824508667, 67.79251061896242
000264.pid, person, 3.9215129852295, -15.592426681518562, -3.4478821913401285, 0.784638524055481, 79.50475205639857
000264.pid, car, 6.3129809340652185, -9.69420720119866, -3.6115557174293365, 0.8954839706420898, -119.15433270728619
000265.pid, person, 3.932518164316822, -15.544770940144865, -3.4062015215555825, 0.7923141717910767, 21.380131583874736
000265.pid, person, 2.341604249817993, -15.625974178314218, -3.582472375461034, 0.3017367422580719, 2.4750661917480725
000265.pid, car, 6.515566842309365, -9.265594811275092, -3.654411718763154, 0.8927190899848938, 50.98203994397837
000265.pid, car, 4.36678121810736, -11.899859239888746, -3.6941561865252117, 0.5279086232185364, 77.32621218842064
000266.pid, person, 3.9073075056076125, -15.605230195181718, -3.3740377596446445, 0.789106547832489, -38.06088165149659
000266.pid, person, 2.35369459220342, -15.62990726743426, -3.6465075697217673, 0.30557048320770264, 7.185361017460081
000267.pid, person, 3.9016694341387144, -15.597876957484662, -3.4331784588950027, 0.7941988706588745, -105.19361858061501
000267.pid, person, 2.3510926280702944, -15.594562121800022, -3.6956119707652504, 0.30597764253616333, 10.6030101124089
000268.pid, person, 3.9568029131208236, -15.538122926439566, -3.420015335083008, 0.780666172504425, 75.65490148948706
000268.pid, person, 2.3740935474634255, -15.59582710266114, -3.6026874333620076, 0.31816187500953674, 9.503627716638908
000269.pid, person, 3.90371773793148, -15.589317908653856, -3.3469520715566787, 0.7570481300354004, -27.819461622827852
000269.pid, person, 2.4770878042493623, -15.525029727390843, -3.384682468005589, 0.3215179443359375, 12.445951011455682
000270.pid, person, 3.9040066878000967, -15.606620470682788, -3.450876871744792, 0.7745286226272583, -104.16254801719958
000270.pid, person, 2.356181283791868, -15.529178857803354, -3.561520238717397, 0.30505281686782837, 19.619200573136695
000271.pid, person, 3.922936946153648, -15.629356086254123, -3.468564972281456, 0.780987024307251, -101.89084735809226
000271.pid, person, 2.446683188279479, -15.496057589848846, -3.5207139452298484, 0.3034687638282776, 14.989048994036237
000272.pid, person, 3.903864298548025, -15.618087291717538, -3.375357372420175, 0.7850759029388428, -40.981583697827155
000272.pid, person, 2.4925103004162215, -15.463692665100107, -3.4859907076908994, 0.30021756887435913, 12.242100309370839
000272.pid, car, 2.780508728107308, -12.978395903982767, -3.5774614985396216, 0.5476939678192139, 101.77336172645634
000273.pid, person, 3.936455329259245, -15.579380416870125, -3.443380324045817, 0.7845143675804138, 94.13882605285029
000273.pid, person, 2.434582148279471, -15.46865871974401, -3.5511228527341574, 0.3058871328830719, 17.57067262935976
000273.pid, car, 2.6213522001919283, -13.096422660641556, -3.5749163162417523, 0.722729504108429, 106.99418385067924
000274.pid, person, 3.902160440172476, -15.613375391278955, -3.3743946722575595, 0.7927300333976746, -35.94888995000501
000274.pid, car, 2.384177280801607, -12.630129640752621, -3.59399203820662, 0.8565353155136108, 107.76393569328461
000275.pid, person, 3.8930208086967557, -15.635648131370552, -3.4726586490869527, 0.7678722143173218, -109.35155402599656
000275.pid, car, 2.2477208479591106, -12.891450011211893, -3.610026136688564, 0.837787926197052, 113.36852207366054
000276.pid, person, 3.931232881546029, -15.605960591634123, -3.450375477472941, 0.7230938673019409, -104.95069823156763
000276.pid, car, 1.8088820552503797, -12.398199029870938, -3.605062091672742, 0.8505998253822327, 113.77857984682596
000277.pid, person, 3.928700192769377, -15.584371948242195, -3.4434192180633545, 0.7170897722244263, 100.38758886443429
000277.pid, car, 0.9818476292376406, -11.293829331031215, -3.689134295170123, 0.6768060922622681, -61.222353843012634
000278.pid, person, 3.9069482719197084, -15.651585017933572, -3.4900674539453846, 0.7134178280830383, -110.00580694494838
000278.pid, person, 2.4978047609329304, -15.360797813960486, -3.7064814737864893, 0.30782654881477356, 15.987790977091677
000278.pid, car, -0.810450733805603, -8.305207082203458, -3.8976271109921585, 0.6945748329162598, -9.939186026219222
000279.pid, person, 3.89775350888571, -15.594991175333666, -3.4508329709370935, 0.6330209970474243, -108.8018880347912
000279.pid, person, 2.4244874119758637, -15.396754264831548, -3.850895106792449, 0.40592527389526367, -163.20142866274378
000279.pid, car, -1.1353460375855564, -8.310531360347097, -3.914599593092755, 0.5440049767494202, -21.04511132759227
000280.pid, person, 3.892837002873428, -15.650723159313209, -3.3933903127908707, 0.4051467776298523, -100.74432105658312
000280.pid, person, 2.470194657643645, -15.377830823262538, -3.758458640840316, 0.34740057587623596, 177.66008857722116
000281.pid, person, 3.899037631352751, -15.597829437255866, -3.452548885345459, 0.41657689213752747, -114.20081055044494
000281.pid, person, 2.527695008686618, -15.344643729073663, -3.643978221075874, 0.3925825357437134, -167.8371447245653
000282.pid, person, 2.60993740558625, -15.410800647735599, -3.80422224998474, 0.43287408351898193, -26.307684793301092
000282.pid, person, 3.875854269663501, -15.639204343160001, -3.4053884983062743, 0.327823668718338, 154.1195330189001
000283.pid, person, 3.918355479836473, -15.620685040950782, -3.4669503569602966, 0.5889887809753418, -104.26851281321476
000283.pid, person, 2.5480027198791557, -15.305377006530765, -3.722899293899534, 0.3913315534591675, 173.25811062675342
000284.pid, person, 3.8980925530195316, -15.615189313888557, -3.474321395158768, 0.5859652161598206, 53.0840459163303
000285.pid, person, 3.8826367855072115, -15.644483838762564, -3.3829723766871864, 0.5788164734840393, -97.4271904981201
000285.pid, person, 2.6300387165763217, -15.267668290571738, -3.6233132752505197, 0.3065800964832306, 138.93055192062846
000286.pid, person, 3.9063567797343013, -15.587659263610847, -3.4502598762512213, 0.5932993292808533, -115.74738403056307
000287.pid, person, 3.8809238592783695, -15.654652404785164, -3.404824590682984, 0.5556472539901733, -96.4575270417289
000288.pid, person, 3.909279738153739, -15.583803994315018, -3.46645200252533, 0.5007750988006592, -118.81907867603371
000289.pid, person, 3.913792403539029, -15.584300994873054, -3.4495898564656575, 0.6692644953727722, -117.26918063906291
000290.pid, person, 3.843624369303394, -15.648990631103523, -3.4131203174591063, 0.6944032311439514, -131.3161253973338
000291.pid, person, 3.8973243937772946, -15.643381567562335, -3.4887038399191463, 0.666247546672821, -111.35647429511863
000292.pid, person, 3.8679783711066693, -15.632135244516235, -3.396626747571505, 0.36864757537841797, -172.2015755630471
000294.pid, person, 3.956079891749798, -15.544002192361022, -3.4209418978009904, 0.3324107825756073, 95.77091984476364
000297.pid, person, 4.081514199574795, -15.827919324239105, -3.7018649578094482, 0.5615031719207764, 61.10745029990666
000298.pid, person, 4.06841295957566, -15.83182525634767, -3.7048813104629517, 0.575901985168457, -117.20543159199633
000300.pid, person, 3.8950948397318608, -15.63681036631267, -3.4927336533864337, 0.33793097734451294, -110.93693682325173
000303.pid, person, 4.091413593292243, -15.788059997558605, -3.69614863395691, 0.5968868732452393, -109.2238713253837
000303.pid, person, 3.819057285785683, -15.602041244506848, -3.275685578584671, 0.3951842188835144, -104.15431633087525
000304.pid, person, 3.950656487391554, -15.590040793785692, -3.489167616917537, 0.6598487496376038, 65.54200860209073
000305.pid, person, 3.964809742840862, -15.522364009510397, -3.436141599308361, 0.6996726989746094, 99.07605250971984
000306.pid, person, 3.920647414525359, -15.63706245422364, -3.4929992993672694, 0.6744247674942017, -110.4394813109783
000307.pid, person, 3.9140811477388757, -15.640491826193681, -3.513848236628941, 0.6523103713989258, -110.69392382838609
000308.pid, person, 3.9409640232722047, -15.573739051818857, -3.4715069929758715, 0.6638397574424744, -114.69433171676658
000309.pid, person, 3.9289411987577236, -15.638168879917698, -3.5144589117595126, 0.6690092086791992, -111.0621509118983
000310.pid, person, 3.9089770827974677, -15.647023132869183, -3.5147383553641185, 0.7283226847648621, -112.30497972907929
000311.pid, person, 3.8288427670796787, -15.691610781351732, -3.4576332569122314, 0.632465660572052, -125.95375190459154
000312.pid, person, 4.082783102989206, -15.805955171585092, -3.699576199054718, 0.6312528252601624, 61.34705318154768
000312.pid, person, 3.759175380071012, -15.645235803392207, -3.3434594207339816, 0.6033018231391907, -119.57087827489065
000313.pid, person, 4.069466114044199, -15.798197110493993, -3.7015373706817627, 0.6487408876419067, 68.98683428969052
000313.pid, person, 3.821168986233807, -15.590275417674683, -3.4211998636072334, 0.5585129857063293, -112.56321217158805
000314.pid, person, 4.092921924591071, -15.78635940551759, -3.6956859588623048, 0.6630611419677734, 63.95537170409813
000314.pid, person, 3.8656847238540712, -15.550140857696544, -3.3812539339065557, 0.5757673382759094, -111.62553328389231
000315.pid, person, 3.956412136554726, -15.979422807693492, -3.7407242655754094, 0.6230534315109253, -121.62483434605932
000315.pid, person, 3.820541143417367, -15.55529499053956, -3.2589184284210213, 0.5686994194984436, -130.0182061210842
000316.pid, person, 3.8636383840016038, -15.663403851645342, -3.4296789169311523, 0.6359958648681641, -127.03443340805075
000317.pid, person, 3.930398208754411, -15.613618169512076, -3.4698446478162492, 0.6497949957847595, -107.07938412508696
000318.pid, person, 3.877368347985411, -15.678694793156223, -3.434528061321804, 0.6475589275360107, -120.71971903142409
000319.pid, person, 4.102031111717231, -15.775871753692638, -3.69288045167923, 0.6493091583251953, 62.000265913094566
000319.pid, person, 3.849782371521004, -15.510928058624279, -3.376699709892273, 0.44614556431770325, -122.109034198279
000320.pid, person, 4.079864382743846, -15.807971477508556, -3.700358510017395, 0.6707893013954163, -114.04432445684762
000320.pid, person, 3.834024882316597, -15.586482334136974, -3.447317385673523, 0.4885677099227905, -120.53670030546829
000321.pid, person, 4.102975726127632, -15.762694835662852, -3.6914749145507817, 0.6826289892196655, 65.01171707079449
000321.pid, person, 3.8144402287223205, -15.597406040538452, -3.422576319087636, 0.46156105399131775, -112.80665357591562
000322.pid, person, 4.093801140785226, -15.79412364959718, -3.6962379813194284, 0.6694478988647461, -112.84648166143714
000322.pid, person, 3.846243771639746, -15.556032527576802, -3.4193473078987817, 0.5289961695671082, -121.19496275888022
000323.pid, person, 4.109431862831125, -15.757095098495494, -3.689639508724213, 0.6498516201972961, 66.47962987873647
000323.pid, person, 3.8535239696502765, -15.5494465827942, -3.3800968647003176, 0.537684977054596, -110.58080093940097
000324.pid, person, 4.084332346916208, -15.801998615264903, -3.6988972425460815, 0.6437386870384216, -113.96813132407294
000324.pid, person, 3.7751557588577356, -15.537392616271983, -3.2547018289566045, 0.5790010690689087, -131.3612245022252
000325.pid, person, 4.1105988025665345, -15.756824016571056, -3.6893762350082393, 0.6222137808799744, 65.70049179156834
000325.pid, person, 3.82428560256959, -15.535533809661876, -3.3762916326522827, 0.5709664225578308, -109.94191304826234
000326.pid, person, 4.092785596847543, -15.799400568008432, -3.696930766105653, 0.5943037271499634, 59.584174705592034
000326.pid, person, 3.8169109604575495, -15.558611349626032, -3.4186272837898954, 0.5467901229858398, -120.55533158796842
000327.pid, person, 3.8258311748504714, -15.674463067735953, -3.39617155279432, 0.6983543038368225, -107.3373905023291
000328.pid, person, 3.924486610624533, -15.608626948462598, -3.538164350721571, 0.7121526002883911, -111.90891859651626
000329.pid, person, 3.909411923090625, -15.581089846293139, -3.4484888553619384, 0.7035439610481262, -113.55249941233706
000330.pid, person, 3.9077625910441163, -15.59671910603842, -3.448488283157349, 0.7104262709617615, -106.74623656816345
000331.pid, person, 3.8738842691694066, -15.617723601205016, -3.3819270304271156, 0.7209575772285461, -165.3847119226125
000332.pid, person, 3.9381189686911533, -15.591022287096305, -3.4700260843549455, 0.7426273226737976, 53.22290491295381
000333.pid, person, 3.9070198025022314, -15.643104416983476, -3.513484835624695, 0.7304107546806335, -112.91670625143081
000334.pid, person, 3.932843372225769, -15.606824517250068, -3.549782395362854, 0.7599066495895386, -112.3466274354673
000335.pid, person, 3.861977925667404, -15.62280882321872, -3.3955458677732033, 0.7755025625228882, 146.66646070282968
000336.pid, person, 3.892188936471948, -15.682073712348945, -3.4278781265020375, 0.8030661940574646, -94.92727126981325
000337.pid, person, 3.9081299304962243, -15.58489729563396, -3.448844957351685, 0.8265926837921143, -115.05965043448288
000338.pid, person, 3.8887541294097976, -15.643377304077156, -3.476740002632141, 0.8211685419082642, -108.51435518516675
000339.pid, person, 3.8821837107340587, -15.618720881144213, -3.371121549606323, 0.8114303946495056, -165.03493154796445
000340.pid, person, 3.866694644093522, -15.674373626708991, -3.431418672204018, 0.7761917114257812, -108.93201443018333
000341.pid, person, 3.881313562393196, -15.63577806949616, -3.475363820791245, 0.7965220808982849, -111.99845781927974
000342.pid, person, 3.903532760483887, -15.585440703800755, -3.466513020651681, 0.7880184054374695, 62.151336889937866
000343.pid, person, 3.8515756981713514, -15.651903424944205, -3.3893697943006247, 0.7543594241142273, -105.32216643952427
000344.pid, person, 3.9057494163513264, -15.58780765533448, -3.4500479221343996, 0.7456057667732239, -118.46508171321116
000345.pid, person, 3.902395570979407, -15.44930699292352, -3.472296672708848, 0.8017155528068542, -97.46287482491547
000345.pid, person, 3.644474775894834, -15.286543514417568, -3.4859005886575445, 0.30107638239860535, 126.80064824230803
000346.pid, person, 3.88726634728282, -15.47767769662958, -3.46697641673841, 0.8070122003555298, -94.04420837656329
000347.pid, person, 3.940771481570084, -15.431721855612368, -3.4945431456846348, 0.7652509808540344, 80.44922695338215
000347.pid, person, 3.705605173110967, -15.231994972229003, -3.5642853546142574, 0.35707005858421326, -48.22410962357647
000348.pid, person, 3.9400559663772663, -15.391618940565328, -3.5180177688598637, 0.7309410572052002, -92.17540977093995
000348.pid, person, 3.6635970527475594, -15.22280216217041, -3.5877313613891597, 0.30318117141723633, -51.12472715290265
000349.pid, person, 3.9479022026062096, -15.47130551057704, -3.530079224530388, 0.6546915769577026, 71.01135777366872
000349.pid, person, 3.7643708099018482, -15.243806448849767, -3.5990406708283853, 0.31292402744293213, 117.87144147120706
000350.pid, person, 3.9478920239668716, -15.525123156034038, -3.5649570868565488, 0.697826087474823, -104.27332390405175
000350.pid, person, 3.7745771533564554, -15.260498348035313, -3.5509369247838065, 0.4041190445423126, -70.74898115237542
000351.pid, person, 3.993594542145736, -15.38848918676377, -3.488030076026917, 0.7482535243034363, 75.2792776684091
000352.pid, person, 4.008516918529172, -15.377001675692481, -3.5601259361613886, 0.7584838271141052, -105.74843509067634
000353.pid, person, 3.972091451287277, -15.478646278381355, -3.489657074213028, 0.7428399920463562, -104.13378690736232
000353.pid, person, 3.7881744284378907, -15.203138552213973, -3.571005796131334, 0.44536733627319336, -77.98956529807114
000354.pid, person, 3.9451357768132223, -15.493288040161142, -3.546079763999352, 0.7573538422584534, 63.64748758088503
000355.pid, person, 3.9960840665377186, -15.44101729759804, -3.57395966236408, 0.7583130598068237, 63.03374020750557
000355.pid, person, 3.882857824626728, -15.128056626570855, -3.585531397869712, 0.44962766766548157, -80.74656049985887
000356.pid, person, 3.9887108986194386, -15.574206352233896, -3.495004874009353, 0.6223836541175842, -105.118275793517
000356.pid, person, 3.8649685836973706, -15.242732820056736, -3.501936855770292, 0.4084164798259735, -84.73566369780406
000357.pid, bicycle, 4.156762811872704, -15.369668324788424, -3.5729640324910483, 0.4013378620147705, -118.52990432678024
000358.pid, person, 3.9643933047419058, -15.108971139659053, -3.5382320155268125, 0.314942330121994, -87.76862119095372
000358.pid, bicycle, 4.3494629859924405, -15.417262649536145, -3.607775497436524, 0.6064374446868896, 55.34989513606579
000359.pid, person, 3.976755371460556, -15.122981915107143, -3.4919510437892023, 0.3184563219547272, -93.97176712730655
000359.pid, bicycle, 4.211716720036106, -15.629292079380592, -3.6555889674595425, 0.6219340562820435, -123.31109894783538
000360.pid, bicycle, 4.442021634843623, -15.327386538187675, -3.4934253957536487, 0.6008310914039612, -120.55454938055743
000361.pid, person, 4.068306814540523, -15.305908376520328, -3.2701106071472164, 0.32862821221351624, -109.92809696952861
000361.pid, bicycle, 4.449824571609507, -15.401920914649976, -3.5391085147857675, 0.49555572867393494, -127.22988275976292
000362.pid, person, 4.546726182103166, -15.077998697757728, -3.343552425503731, 0.47093433141708374, -125.93183922490962
000363.pid, person, 4.566221613633016, -15.190927856846866, -3.3340241281609786, 0.5806688666343689, -122.96301835238026
000364.pid, person, 4.677387055228746, -15.059690251069917, -3.3024978216956646, 0.6650374531745911, -126.76320515177005
000365.pid, person, 4.660291896146894, -15.088145199943998, -3.3642278699313892, 0.5773396492004395, -129.23377872020814
000366.pid, person, 4.765544470618763, -15.091149386237657, -3.3148609610164868, 0.6423621773719788, -127.59649605493777
000367.pid, person, 4.78774459362031, -15.151506567001348, -3.4496511578559876, 0.5414347648620605, -132.23715941545916
000368.pid, person, 4.8322995730808875, -15.221688088916602, -3.4667999063219344, 0.6594381332397461, -138.02422394656213
000369.pid, person, 4.91838394968134, -15.228516578674322, -3.5236808375308386, 0.7150968313217163, -36.4124737921733
000370.pid, person, 4.972804307937631, -15.306158065795904, -3.528593134880066, 0.7336505055427551, 132.11364810243415
000371.pid, person, 5.02547466053683, -15.350955009460456, -3.5138753301957077, 0.7161813378334045, 126.95871747287933
000372.pid, person, 5.00816430364337, -15.354961327144085, -3.5597728150231496, 0.6788971424102783, -53.74843105721156
000373.pid, person, 5.027315616607674, -15.39081214024471, -3.49205338037931, 0.7917388677597046, -60.37147064020615
000373.pid, person, 4.055583389181849, -15.475875352558342, -3.3025990034404558, 0.3055681884288788, -130.96469580471992
000374.pid, person, 4.972967386245736, -15.45678752660752, -3.5586660653352737, 0.7177377939224243, -57.14591514349739
000375.pid, person, 4.9930099319009305, -15.470280142391436, -3.519831461064956, 0.5020624399185181, -57.919524180917726
000376.pid, person, 4.961806511878976, -15.490409183502203, -3.412199652194977, 0.4175538420677185, -53.261471346561876
000377.pid, person, 4.989130683567223, -15.54133270097816, -3.4531586273856787, 0.5000715255737305, -45.57214614194014
000378.pid, person, 5.1345199071444085, -15.661438831916227, -3.3323756548074575, 0.4665191173553467, -43.42010479314608
000379.pid, person, 5.255063268873433, -15.778037601047098, -3.3555871513154774, 0.4447299838066101, 130.2694833315678
000380.pid, person, 5.192689138300287, -15.735022096072933, -3.3324815245235673, 0.44566524028778076, -38.531769152578335
000381.pid, person, 5.380558360706683, -15.77335132252087, -3.3398268656297163, 0.6236361861228943, -39.1211706933646
000381.pid, person, 4.839901924133309, -15.534137725830089, -3.254174232482911, 0.4635019898414612, -120.76072820910355
000382.pid, person, 5.535812854766854, -15.825547478415759, -3.345941738648848, 0.826205313205719, 126.77935657217962
000382.pid, person, 4.909025955200205, -15.582883644104015, -3.2676278591156014, 0.4170091152191162, -116.27163936468372
000382.pid, person, 3.8237699595364742, -15.585935766046708, -3.2998484264720576, 0.30187270045280457, -117.24836352905436
000383.pid, person, 5.471646092154771, -15.744803602045243, -3.323814131996848, 0.8574445247650146, -36.82071134901025
000383.pid, person, 4.994470119476328, -15.594021161397308, -3.2748973369598393, 0.630034863948822, -113.71200661534198
000384.pid, person, 5.495629657398578, -15.766884630376653, -3.314430518583818, 0.8538374304771423, -30.330392544508385
000384.pid, person, 3.828667163848887, -15.635783195495614, -3.3348041375478115, 0.3037184476852417, -100.18440251657799
000385.pid, person, 5.560891355787014, -15.702064105442597, -3.3100943054471696, 0.8646109700202942, -21.90099840068629
000385.pid, person, 4.081839402516692, -15.819868087768569, -3.7010608514149985, 0.626409113407135, -117.44097791597264
000385.pid, person, 3.7609535058339514, -15.673627323574502, -3.34186519516839, 0.3083442747592926, -109.57800118093357
000386.pid, person, 5.601280559193014, -15.692127401178544, -3.3112094402313232, 0.839682936668396, -19.437777067319434
000386.pid, person, 5.282072663307195, -15.539248943328861, -3.286387711763381, 0.3063517212867737, -172.68422086991472
000387.pid, person, 5.652041594187426, -15.662204027175912, -3.304648876190186, 0.8525066375732422, -20.653746213922627
000387.pid, person, 3.834852615992235, -15.670872433980314, -3.4239673614501953, 0.30933821201324463, -124.35124288066058
000388.pid, person, 5.731438477834074, -15.760880470275888, -3.3114960988362636, 0.8405641913414001, -22.53814301467314
000388.pid, person, 3.8382297583988794, -15.664031164986755, -3.429432885987418, 0.3337278366088867, -133.78816834340256
000389.pid, person, 5.849630594253548, -15.77179465975081, -3.3100584575108125, 0.8290817737579346, -24.843598080268777
000389.pid, person, 3.8776407688856205, -15.673993349075324, -3.432476133108139, 0.329356849193573, -111.95997187304567
000390.pid, person, 5.956086119016022, -15.845054785410573, -3.3143922487894693, 0.8194872736930847, -8.08701474252398
000391.pid, person, 6.094260896955227, -15.933365276881634, -3.310364586966379, 0.7771313786506653, 152.64148752092535
000392.pid, person, 6.1516861518224175, -15.850971221923835, -3.3285839358965554, 0.724125862121582, -15.247432752839185
000393.pid, person, 6.2062633514404375, -15.90965417226156, -3.3192187786102294, 0.643375813961029, -15.955342759765003
000394.pid, person, 6.3123522599538235, -15.946586847305307, -3.2975769440333047, 0.5292813181877136, 155.1189347729804
000395.pid, person, 6.29089670914871, -15.901941739595859, -3.313027638655443, 0.5596463680267334, -8.083798282881105
000396.pid, person, 6.371843934059151, -16.012421210606902, -3.3179847200711574, 0.5497142672538757, -23.510802742658413
000397.pid, person, 6.427192052205413, -15.939942518870046, -3.3301336765289307, 0.5945293307304382, -16.850666926805324
000398.pid, person, 6.57607595125835, -16.028462409973155, -3.3190852801005044, 0.44657909870147705, -27.986736651551823
000399.pid, person, 6.706500609715789, -16.11222481727601, -3.2956699728965764, 0.7033825516700745, 150.0792865924629
000400.pid, person, 6.751683354377755, -16.162503798802703, -3.2970645626386013, 0.7430390119552612, 148.98981249111299
000401.pid, person, 6.7993290764945, -16.112309864589154, -3.345532212938582, 0.751742959022522, 161.7914167969173
000402.pid, person, 6.834791313518185, -16.128939108415093, -3.3861963098699395, 0.7229202389717102, -22.71015441913585
000403.pid, person, 6.9160012465257, -16.169374979459327, -3.375107086621798, 0.7852547764778137, -22.715983734900597
000404.pid, person, 7.009834913107074, -16.262667582585266, -3.34582570882944, 0.7522644996643066, -26.60295300613747
000405.pid, person, 6.978705207506825, -16.21892786026002, -3.3394229809443154, 0.7529345750808716, -14.159979691695526
000406.pid, person, 7.079758717463577, -16.276405187753536, -3.2044927523686337, 0.7217846512794495, -16.121775995851962
000407.pid, person, 7.138820684873151, -16.243101706871627, -3.1973463571988625, 0.8188422322273254, -11.69422157296452
000408.pid, person, 7.260560877182913, -16.246118321138276, -3.213911056518555, 0.8168036937713623, -9.788761435250493
000409.pid, person, 7.229026953379322, -16.237881342569995, -3.2111221154530845, 0.8243982195854187, -8.261471976714967
000410.pid, person, 7.305696047269388, -16.193703724787795, -3.250468474168044, 0.7300687432289124, -3.9313189225153593
000411.pid, person, 7.37347977956137, -16.11414337158204, -3.2810422420501713, 0.7419722676277161, 5.663276230876156
000412.pid, person, 7.465343181903555, -16.032244022075954, -3.277048074282133, 0.7472549080848694, 5.943490337815247
000413.pid, person, 7.411714410781869, -15.975024700164804, -3.314985513687134, 0.6980304718017578, 33.109093909549514
000414.pid, person, 7.472538471221933, -15.906741362351646, -3.294646629920373, 0.7586731910705566, 35.68276389615786
000415.pid, person, 7.5068013017827875, -15.915683399547238, -3.257797371257436, 0.7805854678153992, 38.580341779584124
000416.pid, person, 7.5221961339314865, -15.88940445582073, -3.274954358736674, 0.6982592344284058, 40.51530798576245
000417.pid, person, 7.570817730643541, -15.870765165849177, -3.2515442154624252, 0.6385024189949036, 50.42003467224656
000418.pid, person, 7.611949140375319, -15.857693325389523, -3.2513240467418325, 0.48678967356681824, 52.036294593518996
000419.pid, person, 7.653258800506598, -15.86493979560005, -3.194755262798731, 0.47956737875938416, 58.68203036517708
000420.pid, person, 7.688013113462018, -15.800705616290761, -3.286296147566576, 0.5145623087882996, 61.27841530221875
000421.pid, person, 7.673903595317501, -15.85229492187501, -3.252123312516646, 0.44023704528808594, 64.7226851946285
000422.pid, person, 7.700489564375454, -15.836241548711614, -3.2507705254988237, 0.5848386287689209, 67.74765269355072
000423.pid, person, 7.728453636169443, -15.764507579803478, -3.2750979900360107, 0.48316270112991333, 62.4430114217045
000430.pid, person, 7.974577999114998, -15.251479530334478, -3.442564471562704, 0.39983853697776794, 48.75101109798612
000431.pid, person, 8.02088170893053, -15.204998970031745, -3.438697478350471, 0.32795199751853943, -129.85209460509705
000432.pid, person, 8.026668801027194, -15.181589743670301, -3.4350981852587537, 0.3922152817249298, -132.11023034551468
000433.pid, person, 8.06713162935698, -15.151076316833505, -3.4333801452930155, 0.42111408710479736, -129.67601754243327
000434.pid, person, 8.083625984191901, -15.162135505676273, -3.4370209058125805, 0.5452602505683899, -131.49353817418375
000435.pid, person, 8.09488907982322, -15.193967426524443, -3.443681169958675, 0.5597467422485352, -133.08378242097882
000436.pid, person, 8.156984359025962, -15.214198887348175, -3.453086167573928, 0.5828112959861755, -133.20577156923054
000437.pid, person, 8.20321366190911, -15.23992246389389, -3.461960464715957, 0.6218041181564331, 37.06937020275565
000438.pid, person, 8.223721197673258, -15.293397086007257, -3.4732932703835613, 0.720549464225769, 34.7490266476852
000439.pid, person, 8.257116731007898, -15.303292719523112, -3.478179375330606, 0.6822037696838379, -143.61660496216805
000440.pid, person, 8.300446237836573, -15.302988733564105, -3.4822586263929085, 0.665538489818573, -151.94211221487157
000441.pid, person, 8.304078280925758, -15.321399867534637, -3.485886767506599, 0.6955661177635193, 17.133952265147947
000442.pid, person, 8.308645566304532, -15.312906519571944, -3.4847689628601066, 0.7013803124427795, 11.479370655693236
000443.pid, person, 8.309731517519277, -15.298304149082728, -3.4822585753032125, 0.6960328817367554, 6.497426835841854
000444.pid, person, 8.274725079536445, -15.278046290079757, -3.4752637743949877, 0.628221333026886, 2.0164041027285196
000445.pid, person, 8.277424188760621, -15.26873705937313, -3.4739311658419094, 0.7172883152961731, 6.190289923020787
000446.pid, person, 8.281643788019826, -15.256047248840341, -3.47206050157547, 0.7668325901031494, 1.8500976096396897
000447.pid, person, 8.257526040077218, -15.26095922787985, -3.470622301101685, 0.7761422395706177, 1.4720614316815173
000448.pid, person, 8.261104366996078, -15.252009651877671, -3.4693505547263404, 0.7451290488243103, -2.8066861750856305
000449.pid, person, 8.267111968994149, -15.264266872406017, -3.472060537338257, 0.7992333173751831, -5.787761960652563
