000011.pid, bicycle, 22.883036184310917, -25.45999565124512, -2.681885379552841, 0.5147674083709717, 51.659143568575814
000012.pid, bicycle, 22.857414572579522, -25.4614376613072, -2.6881653445107596, 0.4773613512516022, 72.57381448656685
000013.pid, bicycle, 22.870370362934317, -25.484081017343623, -2.6920653581619263, 0.5081148147583008, 44.54703458375994
000014.pid, bicycle, 22.879531659578024, -25.45530404542622, -2.690667328081633, 0.5099273920059204, 53.58461310299104
000015.pid, bicycle, 22.858152919345436, -25.46908283233643, -2.655242641766866, 0.5349258184432983, 70.51291985210935
000016.pid, bicycle, 22.858008736058288, -25.485805009540762, -2.630907704955653, 0.5323182940483093, 53.46566494975894
000017.pid, bicycle, 22.890124657574827, -25.444017017588898, -2.7567303320940804, 0.4880176782608032, 46.156788070806634
000018.pid, bicycle, 22.873727949042074, -25.481069364045798, -2.6565951924575004, 0.47045525908470154, 48.48666038349123
000019.pid, bicycle, 22.875852478875057, -25.460431204901806, -2.6883592671818204, 0.44155117869377136, 60.898903561796125
000020.pid, bicycle, 22.87154433306526, -25.48168558232925, -2.7156497520558975, 0.44257956743240356, 45.72470296863862
000021.pid, bicycle, 22.880915812956985, -25.455632478762897, -2.6563808001004734, 0.46741795539855957, 53.315853736463076
000022.pid, bicycle, 22.8804262006605, -25.44863690556707, -2.7016514571937353, 0.43324917554855347, 48.522873562693356
000023.pid, bicycle, 22.869440678187782, -25.460984257289343, -2.697307239259992, 0.4663948714733124, 59.47178588717376
000024.pid, bicycle, 22.86700360367938, -25.46563250844072, -2.6558814165068836, 0.4879578948020935, 56.74797726818024
000025.pid, bicycle, 22.86950900103595, -25.466041307191595, -2.727473136541006, 0.5206546187400818, 50.91698112440158
000026.pid, bicycle, 22.8764096284524, -25.44989179953551, -2.6836358645023446, 0.5084893703460693, 45.09578474617658
000027.pid, bicycle, 22.87870194571359, -25.462967027936667, -2.703080872126988, 0.531024694442749, 45.37752614697927
000028.pid, bicycle, 22.889210236378208, -25.46963813977364, -2.6941353235489283, 0.5574692487716675, 58.83322730392929
000029.pid, bicycle, 22.873154864591715, -25.472034734838154, -2.7095505279653214, 0.5132889747619629, 48.67895054162395
000030.pid, bicycle, 22.87750511169434, -25.45329308509827, -2.6641203582286836, 0.5034889578819275, 50.90048109468286
000031.pid, bicycle, 22.855064656999378, -25.484304057227245, -2.670742412408193, 0.533951997756958, 56.97715102588759
000032.pid, bicycle, 22.87933206558228, -25.449271996816, -2.711541281806098, 0.48206034302711487, 50.03515061784941
000033.pid, bicycle, 22.87750282287598, -25.43863549232483, -2.672204041481018, 0.5249009132385254, 45.409403807775554
000034.pid, bicycle, 22.871324662239324, -25.485403491604718, -2.7231285341324343, 0.5264542698860168, 50.87220458552859
000035.pid, bicycle, 22.847738868311836, -25.47397041320801, -2.663216082673324, 0.5033537745475769, 62.665060072839886
000036.pid, bicycle, 22.881821775436403, -25.470738935470585, -2.68198077082634, 0.5070838928222656, 44.800750069511636
000037.pid, bicycle, 22.845859065200347, -25.474556778416492, -2.663722428408536, 0.4562153220176697, 49.61503143787073
000038.pid, bicycle, 22.880551562589762, -25.441467790042655, -2.729549576254452, 0.4384622871875763, 45.987235149505096
000039.pid, bicycle, 22.876586008071904, -25.468100452423098, -2.6737193763256073, 0.47113603353500366, 46.9395464985709
000040.pid, bicycle, 22.879403734207155, -25.463933324813844, -2.668049466609955, 0.47870805859565735, 42.53449510275592
000041.pid, bicycle, 22.884486320691234, -25.480624321179516, -2.691152493158976, 0.5260392427444458, 47.85464703089306
000042.pid, bicycle, 22.86350293840681, -25.478055191040042, -2.6409270354679655, 0.4646340012550354, 53.09422080877594
000043.pid, bicycle, 22.877912005862676, -25.475115801836996, -2.664314888619088, 0.47890546917915344, 44.88930813728073
000044.pid, bicycle, 22.87473565178949, -25.450069736790017, -2.7017256826967806, 0.5310906171798706, 50.354193680279096
000045.pid, bicycle, 22.873783707618717, -25.468756258487705, -2.6739216297864914, 0.5041767954826355, 42.95626345238604
000046.pid, bicycle, 22.884111110980697, -25.451495292859203, -2.669858149993114, 0.4590754210948944, 51.43426275332179
000047.pid, bicycle, 22.86971815894632, -25.474434572107654, -2.6925622084561516, 0.5100658535957336, 45.68953490073107
000048.pid, bicycle, 22.873264117118644, -25.45587476094564, -2.6876777624472594, 0.46139857172966003, 52.29607095995713
000049.pid, bicycle, 22.886376280533643, -25.45801609440854, -2.672527940649735, 0.45573127269744873, 55.29128249607207
000050.pid, bicycle, 22.862156014693415, -25.472970611170723, -2.6913383320758215, 0.44115933775901794, 48.090232832932166
000051.pid, bicycle, 22.871342879075275, -25.470276025625378, -2.6906615831913094, 0.40851616859436035, 54.4843069905366
000052.pid, bicycle, 22.87385682136782, -25.462377548217777, -2.6862604925709386, 0.44595178961753845, 46.9863869891331
000053.pid, bicycle, 22.88494550264799, -25.448137919108074, -2.684387806134346, 0.44984400272369385, 50.020360131371845
000054.pid, bicycle, 22.861181413805166, -25.465579625722526, -2.6484785079956055, 0.47027260065078735, 44.91204918160727
000055.pid, bicycle, 22.871023429067513, -25.4412697239926, -2.722491559229399, 0.3803582489490509, 54.69345979076943
000056.pid, bicycle, 22.860990789201526, -25.490705331166588, -2.6824276447296143, 0.43743669986724854, 55.8779000300059
000057.pid, bicycle, 22.85960877908243, -25.45062183689427, -2.656945434776513, 0.44880062341690063, 76.93224351551164
000058.pid, bicycle, 22.85721598173443, -25.470995551661446, -2.6563033618425065, 0.39543986320495605, 65.69853821668528
000059.pid, bicycle, 22.877447695345495, -25.45113125362912, -2.7180397123903846, 0.33399930596351624, 49.520024732445215
000060.pid, bicycle, 22.873656453313057, -25.467612343865476, -2.6718039319321916, 0.4240432381629944, 50.64394366922549
000061.pid, bicycle, 22.86929579038878, -25.472387829342406, -2.643421798139005, 0.4568629264831543, 45.40641632540645
000062.pid, bicycle, 22.878887276900446, -25.459619471901345, -2.686777673269573, 0.4382123649120331, 43.90147655031642
000063.pid, bicycle, 22.87352326041774, -25.459932879397748, -2.685449060640837, 0.5210692286491394, 57.478223370484415
000064.pid, bicycle, 22.868607275826594, -25.47391717093332, -2.659742477961949, 0.5108296275138855, 45.6620209928255
000065.pid, bicycle, 22.870693206787113, -25.459871673583987, -2.7079436574663434, 0.4846319556236267, 54.668488689735966
000066.pid, bicycle, 22.862939483241036, -25.463989257812504, -2.697964806305735, 0.4723988175392151, 42.32538335159404
000067.pid, bicycle, 22.85649389379165, -25.464957910425525, -2.648240566253662, 0.45680898427963257, 48.757469780472206
000068.pid, bicycle, 22.883067826966986, -25.463136415223822, -2.6859168619722933, 0.47343215346336365, 59.632369245249464
000069.pid, bicycle, 22.86501824515207, -25.475721795218334, -2.6733031613486156, 0.49669626355171204, 46.25832723560757
000070.pid, bicycle, 22.874267252480113, -25.46303474612353, -2.6852717515898914, 0.48789262771606445, 53.16918007271615
000071.pid, bicycle, 22.86505179935032, -25.460356076558433, -2.685609757900238, 0.5140668153762817, 70.2112460827534
000072.pid, bicycle, 22.868331460391776, -25.468328027164237, -2.6688638364567474, 0.48352113366127014, 46.37942480653268
000073.pid, bicycle, 22.867639594607887, -25.482169575161407, -2.6772477295663624, 0.5256242156028748, 48.40780137910566
000074.pid, bicycle, 22.860687140262492, -25.45511424902714, -2.7086975068757027, 0.4965260624885559, 52.64136061220511
000075.pid, bicycle, 22.86960448159112, -25.47728315989177, -2.706558439466688, 0.44204282760620117, 46.145442331555984
000076.pid, bicycle, 22.867094400766735, -25.4582529325743, -2.6916595600746773, 0.49645692110061646, 54.074230421289855
000077.pid, bicycle, 22.86371241978237, -25.47121287754604, -2.6849887234824044, 0.5159240961074829, 45.1876023349816
000078.pid, bicycle, 22.869693549903666, -25.441868498518662, -2.7391214692914807, 0.4956231415271759, 51.72142018809392
000079.pid, bicycle, 22.88214213673662, -25.45006175157501, -2.6745374726086126, 0.5133817195892334, 43.59507131911168
000080.pid, bicycle, 22.87226740519206, -25.479840778169184, -2.661974674179441, 0.5033486485481262, 47.472354501454866
000081.pid, bicycle, 22.872221469879154, -25.462495040893558, -2.6691278994083403, 0.5145578980445862, 61.68613817435788
000082.pid, bicycle, 22.852164770427507, -25.463821812679896, -2.68462157876868, 0.5221307873725891, 56.02365603296575
000083.pid, bicycle, 22.882608925423973, -25.469353187374956, -2.6649110084626733, 0.4939118027687073, 41.77727427176701
000084.pid, bicycle, 22.881921467028167, -25.452540899577897, -2.7077722486696745, 0.5112136006355286, 51.44590519882091
000085.pid, bicycle, 22.869122611151806, -25.466231187184654, -2.68643538819419, 0.4372946619987488, 75.03776483714476
000086.pid, bicycle, 22.874342393875125, -25.448791456222537, -2.6857097089290622, 0.4797622859477997, 49.09390537463413
000087.pid, bicycle, 22.86471293522762, -25.464670523619045, -2.6616137516804232, 0.4222361445426941, 54.04744128353049
000088.pid, bicycle, 22.851379567926585, -25.459702405062593, -2.69847736936627, 0.4115518033504486, 71.82188001508429
000089.pid, bicycle, 22.87038521766663, -25.47748684883118, -2.70423104763031, 0.5232100486755371, 41.11852474629505
000090.pid, bicycle, 22.882013130187993, -25.44534540176392, -2.6994061887264253, 0.523120105266571, 49.2281515270571
000091.pid, bicycle, 22.871767092973762, -25.481726084000027, -2.68290822322552, 0.5183942317962646, 50.572619111452475
000092.pid, bicycle, 22.86772458693561, -25.466260966132673, -2.6786141325445736, 0.528497576713562, 65.08849557598371
000093.pid, bicycle, 22.867329869951522, -25.470018568493078, -2.679115993635995, 0.5222424268722534, 44.15529019812834
000094.pid, bicycle, 22.87873106002808, -25.45814065933228, -2.6926621973514555, 0.5129764676094055, 46.60949939220072
000095.pid, bicycle, 22.869829229406413, -25.472511703903614, -2.6675140020009636, 0.5049288868904114, 44.244056025485136
000096.pid, bicycle, 22.862419479771667, -25.45305623506245, -2.6583950582303504, 0.5299232602119446, 48.70753310980524
000097.pid, bicycle, 22.861722163664993, -25.472306031447193, -2.67745503401145, 0.5147860050201416, 53.894072063060776
000098.pid, bicycle, 22.88326347164992, -25.459405340799478, -2.6700182775171792, 0.5239353775978088, 43.62719809577895
000099.pid, bicycle, 22.863498634762237, -25.475545724232994, -2.679278247886234, 0.5169499516487122, 47.08573435793729
000100.pid, bicycle, 22.877192921108673, -25.452580716874866, -2.694499280717638, 0.5327159762382507, 50.127126793903386
000101.pid, bicycle, 22.869834899902347, -25.48045677608914, -2.6637842257817588, 0.5135663747787476, 45.36199891687447
000102.pid, bicycle, 22.878082636240368, -25.457855018409525, -2.7108571336076066, 0.5098503828048706, 47.76726594561984
000103.pid, bicycle, 22.87564975193569, -25.474532045636863, -2.666689361844744, 0.5242822766304016, 43.471412710181035
000104.pid, bicycle, 22.871517532750183, -25.450415611267093, -2.6525755116814063, 0.5170549750328064, 47.38647809840471
000105.pid, bicycle, 22.860045483237823, -25.46272172425923, -2.701748722477963, 0.5089461803436279, 52.97556934061586
000106.pid, bicycle, 22.867485417260067, -25.46964814927843, -2.6837021907170615, 0.5019588470458984, 44.59475584597395
000107.pid, bicycle, 22.858775389821908, -25.474579208775573, -2.693194452084993, 0.4792969822883606, 60.72705155018126
000108.pid, bicycle, 22.87697252546038, -25.449290193830223, -2.675544875008719, 0.4943676292896271, 57.270708174583675
000109.pid, bicycle, 22.869451074039237, -25.47916457232307, -2.721046005978304, 0.3947118818759918, 45.02934037271011
000110.pid, bicycle, 22.8656383861195, -25.440037409464523, -2.7126155983317983, 0.36317452788352966, 59.210006022693946
000111.pid, bicycle, 22.872648504045276, -25.476918379465744, -2.6816762023501926, 0.3911077082157135, 48.77935795284735
000112.pid, bicycle, 22.88840894699097, -25.45762052536011, -2.7061517179012298, 0.4756457209587097, 45.7858745562747
000113.pid, bicycle, 22.873129208882652, -25.4489598274231, -2.68434566921658, 0.49764442443847656, 50.81863541156307
000114.pid, bicycle, 22.868729750315353, -25.445833577050106, -2.6873624788390265, 0.5127619504928589, 67.87924465005578
000115.pid, bicycle, 22.867665263584684, -25.466267994471963, -2.689508444922311, 0.5234693884849548, 48.209048549558815
000116.pid, bicycle, 22.86998377619563, -25.459640915329395, -2.6529391262982345, 0.4958687722682953, 56.03729260224323
000117.pid, bicycle, 22.86608298165458, -25.454845101492747, -2.6739261627197264, 0.5397794842720032, 58.8499006573375
000118.pid, bicycle, 22.877631945487785, -25.46339440957094, -2.6619970126029777, 0.5066927075386047, 39.221430007064825
000119.pid, bicycle, 22.872393776388733, -25.459777663735785, -2.7000653323005226, 0.4940868318080902, 62.30912815053519
000120.pid, bicycle, 22.882731889423575, -25.47080913342928, -2.700701644546107, 0.4925667643547058, 41.83951589936525
000121.pid, bicycle, 22.875130675559824, -25.46510718589606, -2.6648340169773546, 0.5180715322494507, 50.68474960950281
000122.pid, bicycle, 22.859383953942196, -25.49183824327257, -2.6823904845449658, 0.48095861077308655, 53.031801060690896
000123.pid, bicycle, 22.87218761444092, -25.44442513409783, -2.713695813627804, 0.5118412375450134, 50.338696666721916
000124.pid, bicycle, 22.853563828901816, -25.47911141135476, -2.6690938833988076, 0.4990098476409912, 51.12820515001767
000125.pid, bicycle, 22.86753071376256, -25.45836230686733, -2.7103367260524207, 0.5025926232337952, 55.84152465437454
000126.pid, bicycle, 22.854316711425785, -25.486806815011164, -2.6865430423191614, 0.5079228281974792, 55.17389546262623
000127.pid, bicycle, 22.87330007553101, -25.459993124008182, -2.683901333808899, 0.5295231938362122, 49.36203262108329
000128.pid, bicycle, 22.879565620422365, -25.457222700119022, -2.693169558048248, 0.521574079990387, 52.60527935747613
000129.pid, bicycle, 22.86273580438951, -25.465973573572498, -2.6635504329905793, 0.5358192920684814, 44.7579925992085
000130.pid, bicycle, 22.855406259235586, -25.457359012804535, -2.6961828282004907, 0.4990379214286804, 54.32021061772703
000131.pid, bicycle, 22.877110750247272, -25.476497405614612, -2.685161835108048, 0.5138840675354004, 46.6696429556409
000132.pid, bicycle, 22.86486889765813, -25.463991556412136, -2.675791538678683, 0.5087500214576721, 53.641932975982414
000133.pid, bicycle, 22.8704207652324, -25.459259806452575, -2.70735552504256, 0.4821993410587311, 50.78151270684645
000134.pid, bicycle, 22.873355815285134, -25.47370519136128, -2.679338549312792, 0.5035459399223328, 43.271946739629506
000135.pid, bicycle, 22.8765353679657, -25.447392225265506, -2.708603549003601, 0.5043319463729858, 54.32015684031321
000136.pid, bicycle, 22.85235132489886, -25.478980745588032, -2.6419996874673024, 0.4981377124786377, 47.0124290553266
000137.pid, bicycle, 22.869722039358958, -25.45498907906669, -2.6847414561680387, 0.4332429766654968, 56.90351132370389
000138.pid, bicycle, 22.882158588718728, -25.47775763434333, -2.689559607892423, 0.45095786452293396, 46.50080243467864
000139.pid, bicycle, 22.88617088920192, -25.45288984399093, -2.6658217655984977, 0.4828263223171234, 57.041207439958065
000140.pid, bicycle, 22.85714443751744, -25.483468082972937, -2.668491813114711, 0.5176276564598083, 53.02600807896417
000141.pid, bicycle, 22.87590188980103, -25.460828733444217, -2.70171457529068, 0.4441261291503906, 51.49298088532891
000142.pid, bicycle, 22.854970768519813, -25.4536185673305, -2.702319656099592, 0.46378764510154724, 70.58124658562362
000143.pid, bicycle, 22.850247412016902, -25.481795802260894, -2.68462483810656, 0.4923367500305176, 53.74485329293349
000144.pid, bicycle, 22.875232596146436, -25.452540498030817, -2.6918236017227177, 0.4501599371433258, 48.72868519640367
000145.pid, bicycle, 22.86823808824694, -25.454215848768083, -2.6528183898410282, 0.400139182806015, 53.777608912773466
000146.pid, bicycle, 22.85464361942176, -25.484712658506453, -2.694097186579849, 0.4039173126220703, 57.59664486441302
000147.pid, bicycle, 22.862530708312992, -25.463795132107208, -2.6653158863385524, 0.4231187403202057, 63.89219109788688
000148.pid, bicycle, 22.872019278036586, -25.447403418051234, -2.689597278027921, 0.4310424327850342, 49.385446947975744
000149.pid, bicycle, 22.86810880237156, -25.47734143998888, -2.6966661744647555, 0.5178250670433044, 48.674515461916464
000150.pid, bicycle, 22.87117413913503, -25.452804958119117, -2.6824719485114605, 0.5325114130973816, 59.06860862853485
000151.pid, bicycle, 22.860957579179246, -25.46865000869289, -2.681573513782386, 0.5350959300994873, 43.56527098787249
000152.pid, bicycle, 22.868568069056465, -25.45971644552131, -2.68423340822521, 0.5183812975883484, 61.91716375204249
000153.pid, bicycle, 22.86028774364575, -25.463748880334805, -2.703123691919688, 0.4614369571208954, 50.37769891402945
000154.pid, bicycle, 22.875102707833957, -25.47306089690238, -2.685079524011323, 0.4601808786392212, 45.603657315392255
000155.pid, bicycle, 22.869082350479932, -25.473582066987692, -2.6448074767464087, 0.39001530408859253, 46.03480517581556
000156.pid, bicycle, 22.86390240987142, -25.481161435445152, -2.6629734436670938, 0.37840187549591064, 42.28738479052745
000157.pid, bicycle, 22.87506685024355, -25.452550748499434, -2.6662692267720294, 0.4423685371875763, 50.92373654563355
000158.pid, bicycle, 22.884394052866345, -25.448702631769958, -2.7289536257047913, 0.5249828696250916, 44.15006234835636
000159.pid, bicycle, 22.868705098221945, -25.460031416358024, -2.683041665612198, 0.5116481184959412, 77.05991236121535
000160.pid, bicycle, 22.868918206956653, -25.47125969992744, -2.643054472075568, 0.4852283298969269, 43.45746073678034
000161.pid, bicycle, 22.865777969360355, -25.43885932097564, -2.708258461307835, 0.5040220022201538, 47.53985502361361
000162.pid, bicycle, 22.871514442639477, -25.47568154946352, -2.651157642022157, 0.5230404138565063, 47.63330512968271
000163.pid, bicycle, 22.869428681164255, -25.461215647255507, -2.6643057567317316, 0.5060543417930603, 56.227846263083485
000164.pid, bicycle, 22.880332787831627, -25.45763640933567, -2.6800265510876975, 0.5121963620185852, 42.6963940952652
000165.pid, bicycle, 22.86756852093865, -25.465504365808826, -2.687204809749828, 0.47315293550491333, 44.23892933661388
000166.pid, bicycle, 22.862854060004743, -25.45511284996482, -2.666711442610797, 0.4875548779964447, 56.89367254648342
000167.pid, bicycle, 22.859164265223914, -25.476245989118308, -2.645168910707746, 0.4008773863315582, 56.008341197899746
000168.pid, bicycle, 22.86451706519494, -25.46515904940092, -2.677473049897414, 0.4512001574039459, 55.977827401881264
000168.pid, car, 17.02616583782695, -54.89986817733102, -3.1739861654198687, 0.5153789520263672, -97.18418372512994
000169.pid, bicycle, 22.85922478340768, -25.464394131222292, -2.6494148937431543, 0.3950147330760956, 45.12417414791014
000170.pid, bicycle, 22.872262210380743, -25.44574900371273, -2.7160312431614573, 0.41221320629119873, 50.72293757476785
000171.pid, bicycle, 22.875502787138288, -25.450638319316667, -2.6770111071436027, 0.4719933867454529, 51.31789575510965
000172.pid, bicycle, 22.8552975124783, -25.480174064636234, -2.6605757806036205, 0.47357070446014404, 57.029028537620555
000173.pid, bicycle, 22.89034404754639, -25.477706289291383, -2.690962201356888, 0.42956364154815674, 46.15541176977183
000174.pid, bicycle, 22.86363723061302, -25.4653816801129, -2.681400046204076, 0.40525299310684204, 70.5289842586193
000175.pid, bicycle, 22.878572953053013, -25.471997383313305, -2.6822988620171184, 0.42981940507888794, 42.54734492549239
000175.pid, car, 18.00274843782993, -49.681370915593334, -3.2419615629557015, 0.5273943543434143, -85.30467789852628
000176.pid, bicycle, 22.86354642300993, -25.4710632014919, -2.669536352157593, 0.4662759304046631, 42.65620609747446
000177.pid, motorcycle, 22.86086109706334, -25.47215674264091, -2.649363728931972, 0.4045885503292084, 71.58385863573953
000178.pid, car, 18.146350669860844, -47.55942115783692, -3.2637567853927614, 0.5345990657806396, -86.08560777416281
000178.pid, motorcycle, 22.858857010350086, -25.459084770896222, -2.6898538416082207, 0.42569804191589355, 69.36784101361476
000179.pid, car, 18.253097629547128, -46.79365329742432, -3.2722824096679686, 0.5418207049369812, -90.62825943761587
000179.pid, motorcycle, 22.866765464224468, -25.463580526956704, -2.704247922432132, 0.43335631489753723, 41.86340748984251
000180.pid, car, 18.31942142910428, -46.00291095309788, -3.2852415879567465, 0.5400947332382202, -89.65666436089381
000180.pid, motorcycle, 22.87601078881158, -25.443817933400474, -2.6785774297184415, 0.4491240978240967, 50.70158668516616
000181.pid, bicycle, 22.86344929745323, -25.468969545866315, -2.6738902455882023, 0.41907382011413574, 71.4530972509176
000181.pid, car, 18.36970030177724, -45.55971821871671, -3.2874381921508093, 0.5735424160957336, -83.6264341317823
000182.pid, bicycle, 22.887812561459015, -25.458423349592422, -2.675666670004527, 0.4203593134880066, 41.46463176201259
000183.pid, motorcycle, 22.874112467611994, -25.459851664881555, -2.6852721860331874, 0.41977405548095703, 62.28007819968355
000184.pid, motorcycle, 22.874744002883503, -25.451062692178265, -2.6572300485662512, 0.42622026801109314, 47.22386443630615
000185.pid, car, 18.53951765851277, -42.10493673929355, -3.2718998106514534, 0.5114151835441589, -84.68975039690702
000185.pid, motorcycle, 22.8617599074905, -25.467850762444577, -2.669560483984045, 0.3493662476539612, 69.1311220452484
000186.pid, car, 18.51446575588651, -41.53149159749349, -3.2921618196699356, 0.5164599418640137, -78.53112882150592
000186.pid, motorcycle, 22.859802832970257, -25.487866817376556, -2.664673530138456, 0.37460243701934814, 57.75778574866269
000187.pid, car, 18.601777908649854, -40.67318271068817, -3.2844807492925767, 0.5424127578735352, -79.18943826435199
000187.pid, motorcycle, 22.86837031390216, -25.47814224861764, -2.660715180474359, 0.3781263828277588, 48.341975192036
000188.pid, motorcycle, 22.87567520141602, -25.469899850733142, -2.6693027019500732, 0.455392062664032, 50.19151149014209
000189.pid, car, 18.72823496067778, -39.03733971778383, -3.323980042274962, 0.5386685132980347, -83.6302762461404
000189.pid, motorcycle, 22.875142778669087, -25.44498100280762, -2.676059688840594, 0.47989118099212646, 51.315353136373204
000190.pid, car, 18.924285697937016, -38.3185213470459, -3.3123445081710816, 0.5368549823760986, -83.37623601411653
000190.pid, motorcycle, 22.858692573778562, -25.479190017237812, -2.680186784628666, 0.4559195637702942, 50.79862272251032
000191.pid, car, 18.83113182915582, -37.431779903835725, -3.2674480438232423, 0.5197623372077942, -81.80264100305942
000191.pid, motorcycle, 22.891226649284366, -25.44613838195801, -2.6346139386296277, 0.4984666109085083, 36.449028005070055
000192.pid, motorcycle, 22.86911455790202, -25.49683629549467, -2.670397636217949, 0.5019179582595825, 41.20351408031304
000193.pid, motorcycle, 22.896033859252935, -25.45139677865165, -2.6105562141963414, 0.44249579310417175, 31.211842206504368
000194.pid, motorcycle, 22.888251622517906, -25.440290768941246, -2.611764371395111, 0.4748055040836334, 40.749356711602495
000195.pid, motorcycle, 22.879619020404242, -25.462155891187265, -2.6317112301335195, 0.36905258893966675, 28.738754344500734
000196.pid, bicycle, 22.853781382242843, -25.463075926809605, -2.5704833738731616, 0.31748929619789124, 97.4214859909907
000197.pid, bicycle, 22.842801157633467, -25.47310002644857, -2.569343336423238, 0.372538298368454, 118.95069557713758
000198.pid, bicycle, 22.845169628367707, -25.469071949229523, -2.5501885764739094, 0.3761040270328522, 114.50376977996207
000199.pid, bicycle, 22.8682044179816, -25.50935674968519, -2.550575325363561, 0.47398632764816284, 157.14268718630765
000200.pid, bicycle, 22.865260893298736, -25.497009769562755, -2.536587622857863, 0.37107574939727783, 154.87942533810724
000201.pid, bicycle, 22.852731132507323, -25.500916290283207, -2.5319331725438436, 0.5047558546066284, 150.21272238171784
000202.pid, bicycle, 22.842905743916834, -25.494302050272626, -2.503390312194824, 0.4138084053993225, 144.72803729211586
000203.pid, person, 10.201070149739586, 23.300002415974934, -3.957149505615233, 0.3278924226760864, -66.86392376061681
000203.pid, bicycle, 22.86148868907582, -25.50540652419582, -2.5779114708755957, 0.45414137840270996, 154.26189199999848
000204.pid, bicycle, 22.851248538855355, -25.502326791936703, -2.506516203735814, 0.4395757019519806, 156.99298901949268
000205.pid, bicycle, 22.81990274889716, -25.48802388947586, -2.487526918279714, 0.4617841839790344, 138.8982384986251
000206.pid, bicycle, 22.80870782412016, -25.486240827120273, -2.487048791005061, 0.5284280180931091, 135.58628239673413
000207.pid, bicycle, 22.849068241734663, -25.508974752118515, -2.4539014062573834, 0.4882887899875641, -77.54924866571176
000208.pid, bicycle, 22.846368331909183, -25.50058013916016, -2.447556962966919, 0.501497745513916, -66.76030890615752
000209.pid, bicycle, 22.86398162841797, -25.476004346211756, -2.463766932487488, 0.4645056426525116, 97.53046511978641
000210.pid, bicycle, 22.895721511840826, -25.3829264831543, -2.456123685836792, 0.4249574840068817, 91.7440343254676
000211.pid, bicycle, 22.91975639343262, -25.254986038208013, -2.4816205310821533, 0.40771543979644775, 112.15853951974512
000212.pid, bicycle, 22.991106124151322, -25.108067012968522, -2.4472364130474276, 0.3300861120223999, 137.46924604334376
000213.pid, person, 11.295074992709694, 17.348913192749023, -3.5056586000654426, 0.33393123745918274, -77.6824235898012
000213.pid, bicycle, 23.104138991411997, -24.941338707419007, -2.5205956346848435, 0.39340656995773315, 124.65991576039006
000213.pid, car, 19.036206979017994, -20.884110450744632, -3.043340591283945, 0.5346254706382751, 92.18760194078473
000218.pid, car, 19.0469380484687, -16.95479131627966, -3.0752740038765802, 0.6031607985496521, 85.37935379007595
000222.pid, person, 23.65549935234918, -22.79900699191624, -3.147305515077379, 0.3370532989501953, 84.4192885739265
000224.pid, person, 23.792277654012054, -22.353591918945323, -3.3612237771352134, 0.3405587673187256, -91.48355482273351
000230.pid, person, 18.28216207595099, -7.53084789003645, -3.067092600322905, 0.3251788914203644, 106.86267026210076
000232.pid, bus, 18.37528173128764, -5.822434286276504, -3.0343154072761536, 0.5089448690414429, 116.25589520054106
000233.pid, bus, 18.33347568511963, -4.973187375068669, -3.07459044456482, 0.5340548753738403, 117.34009284922857
000234.pid, bus, 18.312127385820666, -4.190263577869967, -2.992212227412633, 0.5541802048683167, -29.505248091346267
000255.pid, car, 15.064048964401776, -7.84427458664467, -3.4524249866090972, 0.743928849697113, -95.17804976921167
000256.pid, car, 15.239760521919498, -8.26939539755545, -3.4147614586737847, 0.8743202686309814, -91.32377695799806
000257.pid, car, 15.201199531555178, -8.735955429077153, -3.3633507331212367, 0.8847309947013855, -92.1992126260482
000258.pid, car, 15.384928764180936, -9.325675000535684, -3.2794233332289027, 0.8640329241752625, -87.22608531866638
000259.pid, car, 15.296760904028064, -9.581346308931394, -3.3526935526665222, 0.8869948387145996, -83.56892837475303
000260.pid, car, 15.51007749867994, -10.04577634500903, -3.3955062267392186, 0.8974187970161438, -83.41854036123235
000261.pid, car, 15.580184034399087, -10.319242760941792, -3.3977890981210246, 0.8822004795074463, -81.23471866867183
000262.pid, car, 15.701019100520924, -10.683155557383664, -3.390544621840767, 0.865780234336853, -79.67041435963523
000263.pid, car, 15.871094148809261, -11.083540968461472, -3.4182261683724144, 0.8940473794937134, 97.80457236697393
000264.pid, car, 15.90514000094667, -11.24010432496363, -3.419694559914725, 0.8765007257461548, -68.69434131985287
000265.pid, car, 16.12265356849222, -11.372484543744259, -3.3923743098389867, 0.8839827179908752, -69.66930903105671
000266.pid, car, 16.07477508891713, -11.484371878884058, -3.3617160428654063, 0.9066040515899658, -65.17489305255319
000267.pid, car, 16.190922435124715, -11.6284347375234, -3.414345971743266, 0.8851408362388611, -65.8032069083529
000268.pid, car, 16.21054603503301, -11.770590855525093, -3.4131800899138818, 0.8727813363075256, -62.69202793214192
000269.pid, car, 16.36752391898114, -12.098925155142082, -3.3738019310909775, 0.8853527307510376, 111.88109899351821
000270.pid, car, 16.494834084664625, -12.19652266656199, -3.3981696636446066, 0.8954603672027588, 108.09035336519744
000271.pid, car, 16.486343189522074, -12.28562508689033, -3.440462381751449, 0.8884401321411133, 115.91939342273335
000272.pid, car, 16.524666664448194, -12.161996192120494, -3.397926497966685, 0.9045845866203308, -53.928773385336164
000273.pid, car, 16.624211231867474, -12.303103399276734, -3.448120820522308, 0.9108963012695312, 112.68275182095458
000274.pid, person, 29.780784034729002, -15.377757263183593, -3.297513318061828, 0.4152863323688507, -69.61589640677843
000274.pid, car, 16.673696458339695, -12.372114380200706, -3.442251111070315, 0.8906735777854919, 116.61743845634933
000275.pid, person, 28.622907876968387, -10.652880489826206, -3.2452056407928462, 0.31839630007743835, -104.8444023823806
000275.pid, car, 16.85557505578706, -12.763299161737617, -3.511979428204623, 0.9120177626609802, 117.67044288274342
000276.pid, car, 16.805387513679374, -12.613991754096853, -3.433910612474408, 0.9068604707717896, 118.75892846901391
000277.pid, car, 16.85627874687537, -12.698789368814499, -3.5235967742862986, 0.9204843640327454, 117.30341000965029
000278.pid, car, 16.720394203879618, -12.608656241677027, -3.4092277786948464, 0.9141830801963806, 116.62468197408388
000279.pid, car, 16.906416956583662, -12.791184600194297, -3.477916789054871, 0.8829797506332397, 118.97692233013552
000280.pid, car, 16.803545475006107, -12.76601745605469, -3.436627802848816, 0.8429617285728455, 118.3523527133848
000281.pid, car, 16.8910320210007, -12.817681240585618, -3.4513201758546654, 0.8440569043159485, 115.51043534542426
000282.pid, car, 17.06900140105701, -12.874702125299175, -3.4647380836674424, 0.8731023073196411, 114.35138074852917
000283.pid, car, 16.94053494696524, -12.893090341605394, -3.3726020747540044, 0.8608433604240417, 116.06661714722519
000284.pid, car, 17.10753159687437, -12.993104342756602, -3.399168306383593, 0.9282476902008057, 114.62826882829482
000285.pid, car, 17.093336125214897, -13.195195714632673, -3.3435937613248825, 0.9249025583267212, 116.7118479842734
000286.pid, car, 17.18835118838719, -13.188740662166053, -3.4134586368288313, 0.8943619728088379, 118.1932905292791
000287.pid, car, 17.28758051040325, -13.44118844701889, -3.2868308462995164, 0.7931762933731079, 113.37843516588052
000288.pid, car, 17.55978490792069, -13.7171340082206, -3.269845625933479, 0.59810471534729, 113.69128645991573
000289.pid, car, 17.674128844187813, -13.97237042280344, -3.2642892599105835, 0.7383449077606201, 116.69145197866172
000290.pid, car, 17.685225597647737, -14.205655408460043, -3.306704876034759, 0.6330991983413696, 119.82641849767496
000291.pid, car, 17.977772310045033, -14.30234381357829, -3.2144462320539686, 0.8611549735069275, 118.51501937194048
000292.pid, car, 17.855784562917858, -14.017351370591387, -3.1521024062083316, 0.893302857875824, -48.56009480537058
000293.pid, car, 18.209933210302285, -14.419153849283857, -3.1428187202524254, 0.8617024421691895, 127.31548842857627
000294.pid, person, 28.6054607629776, -10.675321459770206, -3.2442556172609316, 0.50870281457901, -101.90554920152402
000294.pid, car, 18.384786333356587, -14.517685831809533, -3.2135773532244625, 0.5867559313774109, -43.43306073808682
000295.pid, car, 18.68334280360829, -14.587471290068196, -3.1519894112240183, 0.8571480512619019, -43.19560826638999
000296.pid, car, 18.85502910614014, -14.761797094345095, -3.1213224093119307, 0.812458336353302, -40.38420484132641
000297.pid, car, 19.18167591094971, -14.96398460865021, -3.154029836257299, 0.8966644406318665, -36.16831644337934
000298.pid, car, 19.49122148189905, -14.988452209616609, -3.0122192355821715, 0.9069569706916809, -33.26065779788017
000299.pid, person, 19.375442591580477, -15.090614383870905, -3.10890977491032, 0.4009547233581543, -44.5219697366827
000299.pid, car, 19.895107460021975, -15.265631217956546, -3.095164155960083, 0.8547438979148865, -27.107280188485845
000300.pid, person, 19.618484888321316, -15.293607393900553, -3.0836669665116525, 0.35314881801605225, -52.22526984872427
000300.pid, car, 20.27621463493065, -15.40703739943328, -3.019481654520388, 0.8545553684234619, -25.865969154572255
000301.pid, person, 19.920172356270456, -15.410447352641338, -3.0854184434220593, 0.3794843554496765, -66.71404273946561
000301.pid, car, 20.647251776929174, -15.464823722839357, -3.0115178621040193, 0.7943924069404602, -28.442850676597537
000302.pid, car, 20.99318835420429, -15.741995325628318, -2.9952425731802887, 0.8810538649559021, -11.74692931958359
000303.pid, car, 21.22882723808289, -15.794062324932645, -3.0191213190555573, 0.8835772275924683, -24.53435316577192
000304.pid, car, 21.622945821510175, -15.801683875749697, -2.952289347378713, 0.8372060060501099, -20.903522749111602
000305.pid, car, 22.177008160090047, -16.19186514514988, -3.088474382788448, 0.8830340504646301, -22.51700839576567
000306.pid, person, 31.128706216812137, -10.986905455589294, -2.901488929986952, 0.4458214342594147, 114.29018711820427
000306.pid, car, 22.65211760203044, -16.252770471572877, -3.0063573559125265, 0.79667729139328, -19.89390553071105
000307.pid, person, 31.08702405293783, -10.999870618184408, -2.9794688224792463, 0.5220100283622742, 129.68880884296487
000307.pid, person, 28.62509615281049, -10.565690713770248, -3.172468003104714, 0.3494575023651123, 63.32718665912297
000307.pid, car, 22.895915953318283, -16.35581741333008, -3.000662322839101, 0.86432945728302, -17.921289895984195
000308.pid, person, 31.04980640411377, -11.000533962249758, -2.966605377197264, 0.5129868388175964, 115.6668843947774
000308.pid, car, 23.46166680988513, -16.44023083803947, -3.0779378581465338, 0.8380053043365479, -20.663745426147962
000309.pid, person, 30.992253875732423, -10.990078735351563, -2.9728842258453354, 0.36899182200431824, 122.62379060395114
000309.pid, car, 23.96490433256505, -16.542672254271427, -2.944700790663897, 0.7809308767318726, -23.74709862950522
000310.pid, car, 24.28346458746463, -16.567473761889403, -3.0193880577476655, 0.7396516799926758, -36.64216612867525
000311.pid, person, 30.873701731363933, -10.978903579711915, -3.000525124867757, 0.3385823369026184, 116.68064427168898
000311.pid, car, 24.821465477576627, -16.648055472740765, -2.9201076727647046, 0.8223692774772644, -57.14191409793138
000312.pid, car, 25.454137802124027, -16.7837219591494, -3.146033799206769, 0.773664116859436, -69.2234273295808
000313.pid, car, 25.749346711900504, -16.69550100962321, -2.9919574578603108, 0.7074555158615112, -100.1535263929382
000314.pid, person, 29.683423995971683, -16.841536521911625, -3.3509563207626343, 0.8137587904930115, -42.858655014604565
000314.pid, person, 30.6881154867319, -10.975673602177553, -3.0406373097346373, 0.30842605233192444, 123.56366087889481
000314.pid, car, 26.591038174099396, -17.023514782940904, -3.1580566123679836, 0.5943908095359802, 120.73193945414145
000315.pid, person, 30.14874728520712, -16.899518330891933, -3.360851109027863, 0.813572347164154, 147.41113316178925
000315.pid, person, 30.608604939778647, -11.013194211324056, -3.035480546951293, 0.3226645886898041, 120.04297268705643
000315.pid, car, 27.19206186930339, -17.092007700602217, -3.184273600578308, 0.5906467437744141, -40.64401751715852
000316.pid, person, 30.275859260559088, -16.878999137878424, -3.4037744760513307, 0.7946488261222839, -27.872420917475807
000317.pid, person, 30.02625788175143, -16.673165101271415, -3.396845945945153, 0.7757057547569275, 168.24265002833
000317.pid, person, 31.248805046081547, -16.782918453216556, -3.315758466720581, 0.3836855888366699, 2.03631305142755
000317.pid, person, 29.64225479125977, -15.028705978393555, -3.1562880420684802, 0.33390069007873535, 102.60004920800326
000317.pid, car, 28.220347917996925, -17.24622176243709, -3.1828084267102756, 0.5179641246795654, -71.12509425736573
000318.pid, person, 29.96736145019532, -16.75783157348633, -3.3785873413085943, 0.782806396484375, 162.4164703763097
000318.pid, person, 31.257774353027354, -16.70541572570802, -3.3084371089935307, 0.32670775055885315, -4.682204330718044
000318.pid, person, 30.07226682592321, -16.888123053091547, -3.1271276120786307, 0.3087705969810486, -69.05444174118622
000318.pid, car, 28.5694116751353, -17.430395364761356, -3.1948022743066153, 0.6308580636978149, 92.80209712354214
000319.pid, person, 29.788472088900484, -16.64717258106579, -3.363867152820934, 0.7824264168739319, 4.476900345423312
000319.pid, person, 29.813773632049568, -13.997999191284187, -3.569739162921906, 0.5133053660392761, -56.04175044861279
000319.pid, car, 29.217828568958105, -17.657931191580637, -3.227041630517869, 0.6481417417526245, 118.92136892335971
000320.pid, person, 30.03505452473959, -17.10958841111925, -3.476901067627801, 0.7915617227554321, -103.24643269284218
000320.pid, person, 30.603922843933116, -15.373007774353038, -3.432997584342957, 0.6079424619674683, 117.7710167076342
000320.pid, car, 29.962312871759593, -17.872896714644003, -2.914679852398959, 0.7969609498977661, -43.95934066584417
000321.pid, person, 30.516089659470783, -17.515346967256992, -3.6318272077120275, 0.7842827439308167, -77.63777616499931
000321.pid, person, 30.02275085449219, -14.407110486711778, -3.5992288248879576, 0.4594765305519104, 117.26256661108523
000321.pid, car, 30.31293201446534, -17.914404296875006, -2.9071356534957884, 0.7036565542221069, -33.81146276832382
000322.pid, person, 31.263172912597668, -18.00858802795411, -3.6835193634033203, 0.771795392036438, 118.29703779332574
000322.pid, person, 31.443807056971963, -17.005164282662538, -3.632431847708566, 0.49415114521980286, 177.31149035300436
000322.pid, car, 30.575905323028564, -14.828214824199678, -3.0603587403893466, 0.5538113117218018, 111.46315027103235
000323.pid, person, 31.44514608383179, -17.40951585769654, -3.3554202616214757, 0.4974585771560669, -96.10024466278136
000324.pid, person, 32.08803876241049, -18.013483365376796, -3.4351508220036826, 0.4347257614135742, 94.19324267715183
000330.pid, person, 29.250521154964673, -12.692529510049262, -3.2442256001865157, 0.4378415644168854, -68.96664661827322
000331.pid, person, 28.872255007425945, -11.110574934217668, -3.2537769476572658, 0.5648704171180725, 112.09743895147177
000332.pid, person, 28.774489466349284, -11.021873982747396, -3.1930508136749256, 0.7046437859535217, 102.68627858439731
000333.pid, person, 28.742072757921726, -11.122843190243369, -3.1799923620725927, 0.4703444242477417, 99.02268059582262
000334.pid, person, 30.205839753150943, -17.092693984508514, -3.1214303076267234, 0.6221660375595093, -68.92204290775322
000335.pid, person, 28.56338030497233, -11.206248346964518, -3.1434621016184483, 0.5972345471382141, 82.05308179540795
000336.pid, person, 28.05463918050131, -11.786134401957204, -3.6488058567047124, 0.7408503293991089, 160.22634497159908
000336.pid, person, 29.486870765686035, -14.769733011722565, -2.6375897601246825, 0.4968265891075134, -69.09903667292468
000337.pid, person, 28.026694869995122, -11.836218833923349, -3.2210920810699464, 0.7359474301338196, -64.62714686002403
000337.pid, person, 30.821010080973306, -19.569041188557946, -3.0368249734242747, 0.5022146701812744, -68.6339695807574
000338.pid, bicycle, 27.89109883989607, -11.847715105329252, -3.5807245118277407, 0.571626603603363, -33.82806459510123
000339.pid, person, 27.80526894789476, -11.82967039254996, -3.3255044680375323, 0.6299303770065308, -51.08516850011259
000340.pid, person, 27.696833801269534, -11.816128921508794, -3.2968221505482993, 0.7290351986885071, 130.4291987291462
000341.pid, person, 27.679318354679992, -11.825195239140442, -3.2984254910395694, 0.6749523878097534, -45.97657047363965
000342.pid, person, 27.555255072457452, -11.787726947239472, -3.339782851082938, 0.7429796457290649, -38.49042376688212
000343.pid, person, 27.44514585796156, -11.746139175013498, -3.16653625588668, 0.7166765928268433, -31.81245855316491
000344.pid, person, 27.343051508853318, -11.632932713157254, -3.2021300416243705, 0.7527614235877991, -33.38103040670011
000344.pid, person, 27.885433777518895, -11.235692355943765, -3.3042786432349156, 0.34210529923439026, 43.30945763238904
000345.pid, person, 27.216956547328408, -11.538672129313156, -3.1600120975857697, 0.8061237931251526, -17.674400874393328
000345.pid, person, 29.608299851417545, -17.290064871311188, -3.0430028140544887, 0.3616498112678528, -67.15137161180627
000346.pid, person, 27.016821622848514, -11.441336750984195, -3.1126868277788162, 0.7933644652366638, 153.39072879296845
000346.pid, person, 31.209046318417503, -21.94326682317825, -2.892059873966942, 0.5206982493400574, -67.79134203110493
000347.pid, person, 26.921771049499515, -11.312948703765878, -3.160328643662589, 0.8004578948020935, -28.16278683334373
000347.pid, person, 27.964676300684612, -10.918491164843244, -3.2475970586140943, 0.46066203713417053, 25.388133671872612
000348.pid, person, 26.86530342102051, -11.28812522888184, -3.1637282530466715, 0.7737799286842346, 146.63709625594208
000348.pid, person, 30.70287603490493, -20.059497272267063, -2.6345790028572074, 0.4372638463973999, -68.64035597940031
000349.pid, person, 26.823857879638677, -11.230985021591191, -3.0729995250701903, 0.791670560836792, 135.35769063575796
000349.pid, person, 28.835690816243492, -12.879947471618653, -3.2531359831492095, 0.4549969732761383, -68.20338301163034
000350.pid, person, 26.766164207458502, -11.185792160034183, -3.0049360275268553, 0.7900084853172302, 142.36181184346503
000350.pid, person, 28.20002913475037, -10.79097867012024, -3.2567730993032447, 0.38349437713623047, -152.17154139663654
000351.pid, person, 26.644172350565597, -11.093910111321346, -3.0761665503184, 0.8001171946525574, 151.10776082187567
000351.pid, person, 30.476087252298996, -18.72540362675985, -3.14588717619578, 0.5546368956565857, -68.96421586318459
000352.pid, person, 26.63634851243761, -10.96994135114882, -3.202418526013693, 0.7898957133293152, 125.43450226188189
000352.pid, person, 31.06550432840983, -20.300194422403973, -2.476583023866016, 0.44866251945495605, -68.40260621754342
000353.pid, person, 26.58430088267607, -10.8313201455509, -3.183689411948709, 0.7925358414649963, 126.84030080565317
000353.pid, person, 31.33420193990072, -21.520802879333495, -3.0740271409352617, 0.39953455328941345, -68.26198965584197
000354.pid, person, 26.51050961017609, -10.770260930061342, -3.1792343407869343, 0.7740577459335327, 123.37444939497456
000355.pid, person, 26.436681647049756, -10.657609337254577, -3.0463422976042094, 0.7710347175598145, 122.73897693897165
000356.pid, person, 28.778775475241925, -13.544973893599076, -3.138073401017621, 0.3067827522754669, -69.57267551645188
000356.pid, bicycle, 26.38532490200467, -10.559966458214658, -3.049816846847534, 0.7881603837013245, -14.231067420734057
000357.pid, person, 26.335922908782965, -10.458027696609498, -3.11591933965683, 0.7781333327293396, 83.28090189603682
000357.pid, person, 27.13386567433675, -13.17075125376384, -3.1436039507389055, 0.36244070529937744, -67.21480047681777
000357.pid, person, 29.922089440482004, -15.208102362496513, -3.202898332050867, 0.33072519302368164, -68.84294420455697
000358.pid, person, 26.27681303024292, -10.3627375125885, -3.0995962977409355, 0.5031028389930725, 15.56245667825895
000358.pid, bicycle, 26.276813030242927, -10.362737512588506, -3.099596297740937, 0.768751859664917, 15.5624566782532
000359.pid, person, 26.22629837762742, -10.28912117367699, -3.07866731144133, 0.3794688284397125, 1.19568143570143
000359.pid, bicycle, 26.226298377627423, -10.289121173676993, -3.0786673114413308, 0.7459237575531006, 1.1956814356991403
000360.pid, person, 26.155947327613834, -10.214230418205267, -2.7631046026945114, 0.7400538921356201, 135.74382073908302
000361.pid, person, 26.124283790588382, -10.110494017601017, -2.776499032974243, 0.6841590404510498, 131.69225642181735
000362.pid, person, 26.067536522360413, -10.104640119216025, -2.7914803308599136, 0.6536167860031128, 136.2474752827907
000363.pid, person, 25.98292096455892, -10.033292706807458, -2.79700182278951, 0.6564095616340637, 129.6017195945632
000363.pid, person, 29.487959428267047, -13.314602678472346, -3.21632543477145, 0.3206121325492859, -68.34664880080169
000364.pid, person, 25.937412738800052, -9.973969062169397, -2.8365368843078618, 0.6933749318122864, 131.11899250642665
000365.pid, person, 25.88161067962647, -9.917657566070563, -2.866563630104065, 0.740332841873169, 124.04473548530846
000366.pid, person, 25.85920953750611, -9.97066235542298, -2.8308531641960144, 0.7168530821800232, 133.16745462007734
000366.pid, person, 29.352461338043213, -13.110652446746826, -3.2745657364527374, 0.5069901347160339, -68.70576151638937
000367.pid, person, 25.946711858113616, -9.833939234415697, -3.066542387008667, 0.7342905402183533, 68.18929147594794
000368.pid, person, 25.860353469848643, -9.791921297709154, -3.1092909177144374, 0.7430967092514038, 67.98828194834016
000368.pid, person, 28.630035693828876, -10.644683177654562, -3.1821672182816716, 0.509225606918335, 67.45599847234577
000369.pid, person, 31.128997121538436, -20.136900697435653, -3.084292922701153, 0.3284507691860199, -69.12012294983197
000372.pid, person, 31.35764356759878, -20.758802413940433, -3.0060651669135448, 0.31202182173728943, -68.89874758532366
000373.pid, person, 29.188649559020995, -12.526504039764403, -2.9332434773445124, 0.5052825808525085, -70.03155781625469
000374.pid, person, 24.668491151597767, -9.303416781955303, -3.0259945657518177, 0.47025394439697266, 86.5143658634645
000374.pid, person, 28.69853226343791, -10.559894323349, -3.112840950489043, 0.38647520542144775, 66.5285478380248
000375.pid, person, 29.45785694122315, -13.718218040466315, -3.0002616167068465, 0.5739033818244934, -70.71860583595617
000375.pid, person, 24.60556382399339, -9.19251500643217, -3.1154994047605076, 0.4796941876411438, 115.68611297292234
000376.pid, person, 29.541143417358406, -14.13705878787571, -3.024113522635565, 0.4864673614501953, -70.81762247044642
000376.pid, person, 24.54262088593983, -9.114148957388744, -2.9340853577568415, 0.42812633514404297, 146.73879086690653
000377.pid, person, 24.31395884922573, -9.008158547537672, -3.027701241629465, 0.318471223115921, 112.72935258750998
000378.pid, person, 24.224349617958072, -8.869916975498203, -3.0009098351001744, 0.46703988313674927, 117.21728683167967
000380.pid, person, 24.005847549438478, -8.62564816474915, -2.98573454618454, 0.45477598905563354, 126.11118660435503
000380.pid, person, 28.687992777143204, -10.486731937953405, -3.2505428961345118, 0.37401267886161804, 65.54609769740979
000381.pid, person, 23.836289763450626, -8.54193073511124, -3.015111729502678, 0.4673628509044647, 128.8679291688475
000381.pid, person, 28.67635236467634, -10.525247573852539, -3.244167651448931, 0.42264285683631897, 65.85243838529006
000382.pid, person, 23.739606608515206, -8.3831959185393, -2.9894248817277993, 0.6488299369812012, 124.9235641292751
000383.pid, person, 23.591926314614042, -8.303256511688234, -3.037935495376587, 0.7568046450614929, 130.91126360655335
000383.pid, person, 29.342757831920277, -13.503382942893289, -3.122760837728326, 0.5896043181419373, -70.72175809169036
000384.pid, person, 23.460438801692085, -8.135737290749185, -3.063878352825459, 0.832036018371582, 105.30912387097842
000385.pid, person, 23.324239306979713, -8.008346645920367, -2.9160485797458224, 0.8370739817619324, 117.79181569387363
000385.pid, person, 28.63804880777995, -10.628155310948689, -3.1324252287546788, 0.3805673122406006, 64.06692299897121
000386.pid, person, 23.19009181431362, -7.883726290294105, -2.932789010660989, 0.8188332915306091, 115.88426434863422
000387.pid, person, 23.041586637496952, -7.78376464545727, -2.9833653047680855, 0.7481659054756165, 133.64723295384456
000388.pid, person, 22.93977862138015, -7.633097868699297, -3.0023994720899148, 0.8172861337661743, 133.91531581207698
000388.pid, person, 30.567702073317314, -18.116663199204666, -3.0704828592447124, 0.3956167995929718, -69.51709553365777
000389.pid, person, 22.7532229423523, -7.472277745604519, -2.9873904660344124, 0.7813066244125366, -50.69781324130942
000390.pid, person, 22.612731615702316, -7.3019554813702925, -3.055485248565674, 0.7162524461746216, -59.47446602741754
000391.pid, person, 22.489587321425933, -7.102763970692955, -3.017178116422711, 0.838555634021759, -44.45440899345174
000391.pid, person, 29.413481330871587, -13.7407808303833, -3.1062048792839034, 0.388678640127182, -70.51924707048485
000392.pid, person, 22.34324621385144, -6.9866423606872585, -2.9187080167954966, 0.6800781488418579, 128.57189595285
000392.pid, person, 30.64052177877987, -18.330470029045554, -3.2944562435150138, 0.34698545932769775, -69.48355650104276
000393.pid, person, 22.222260951995853, -6.826371139950224, -3.018484777874417, 0.8291909694671631, 137.25948570799127
000394.pid, person, 22.114216083433572, -6.669225378734312, -3.0557529693696557, 0.879608690738678, 139.41273113138715
000394.pid, person, 28.66361325581869, -10.606948153177893, -3.258010959625244, 0.4378229081630707, 68.4889323770321
000395.pid, person, 21.987135198381214, -6.479130625724794, -3.069778455628289, 0.7343506813049316, 123.07829212853257
000395.pid, person, 28.67086017833037, -10.499415846431956, -3.2406455068027262, 0.45831969380378723, 64.0046670617438
000396.pid, person, 30.52498476845878, -17.556624003819056, -3.083587833813257, 0.5445275902748108, -68.49251273391667
000396.pid, person, 21.85861785595234, -6.296750728900619, -3.1090598106384277, 0.5057297945022583, 124.90115681846169
000397.pid, person, 21.744553883870445, -6.059031136830653, -3.171218029658, 0.49331310391426086, 120.20421969328157
000398.pid, person, 21.636736813713526, -5.839508589576277, -3.086669725530288, 0.7589279413223267, -55.51577937567004
000398.pid, person, 31.853245368370644, -23.033365102914665, -2.9623703956603995, 0.3384803831577301, -69.5363644913333
000399.pid, person, 21.56144578116281, -5.646224839346755, -2.9848856244768416, 0.3725821077823639, 121.32587403257283
000401.pid, person, 21.376105444771905, -5.176515511104044, -3.1389886992318288, 0.4726037085056305, -52.382284423026164
000403.pid, person, 21.2852795124054, -4.77413815259934, -3.1151794791221623, 0.32148516178131104, 111.25429167455746
000404.pid, person, 21.211770629882817, -4.577871894836432, -3.249738025665284, 0.5497978925704956, -37.52952458381336
000404.pid, person, 21.486892006613996, -4.532994400371205, -3.026011488654396, 0.44005268812179565, 179.09721167139284
000404.pid, person, 28.664032129141, -10.562236345731295, -3.1970197787651644, 0.40221095085144043, 65.87067022616952
000405.pid, person, 21.46475617090861, -4.335377626948887, -3.0033724440468674, 0.47831717133522034, -173.4129676290135
000405.pid, person, 28.651159167289734, -10.543605387210846, -3.3242366760969153, 0.3340105712413788, 65.37695231116635
000406.pid, person, 29.376487905328926, -13.669848095286977, -3.182328527623956, 0.437960684299469, -69.92203104370728
000406.pid, person, 21.41132572719029, -4.110562760489327, -3.0222887652260915, 0.4351595938205719, 167.17120721507632
000407.pid, person, 21.41237668430104, -3.913447281893562, -2.9937296965542957, 0.4521591365337372, 174.9899105028594
000407.pid, person, 30.71079953511556, -18.555177132288616, -3.103095432122547, 0.4277370572090149, -68.94781103756392
000408.pid, person, 21.374366657153985, -3.742657268369524, -2.9888177046904687, 0.39993852376937866, 163.24292375120905
000409.pid, person, 21.03922589619955, -3.512766599655157, -3.1298758983612065, 0.5249211192131042, -85.10194811663936
000409.pid, person, 21.319533709822032, -3.534227897380958, -2.9929840153661265, 0.39059001207351685, -2.524285394605288
000410.pid, person, 21.30042201450893, -3.367875037874493, -2.938469464438302, 0.34926295280456543, -10.37082275974685
000411.pid, person, 21.254745066165924, -3.1831825897097614, -2.9951955080032344, 0.39149829745292664, 165.68180375835178
000411.pid, person, 30.980233669281006, -19.800054728984833, -3.0989748984575263, 0.3070487976074219, -69.25942437010139
000412.pid, person, 20.918005625406906, -2.984677155812586, -3.060434659322103, 0.7188006043434143, 116.32738882865705
000412.pid, person, 21.219438815939014, -3.0221995731879954, -3.01725593928633, 0.40902960300445557, 164.59195352897535
000412.pid, person, 28.65675926208496, -10.583304941654207, -3.1465225815773, 0.3598678708076477, 66.80036829494404
000413.pid, person, 21.170223404379453, -2.8508338717853356, -3.0045770617092353, 0.6013957858085632, -6.878236838528828
000413.pid, person, 20.93710136413575, -2.887381951014207, -3.2935492197672533, 0.5732952952384949, 106.9099311965748
000413.pid, person, 29.14602140946822, -12.348908944563437, -3.088320797139947, 0.3929935693740845, -70.35861320136803
000414.pid, person, 21.13087362992136, -2.717235176186814, -3.021843922765631, 0.43917179107666016, -5.858062630686003
000415.pid, person, 21.096548697527716, -2.5535551309585602, -3.060381678973927, 0.3367854058742523, -11.508683586589722
000416.pid, person, 21.027134656906128, -2.390418216586114, -3.086742870509624, 0.45091480016708374, 148.896479742966
000416.pid, person, 30.364922968546555, -17.25246105194092, -3.169512526194253, 0.30380743741989136, -69.0884583179793
000417.pid, person, 21.028995698498143, -2.267691331525003, -3.116477074161652, 0.650006890296936, 174.94898072588293
000417.pid, person, 30.036423609806945, -15.31141251784105, -3.18722759760343, 0.43326032161712646, -68.43033617517284
000418.pid, person, 20.989229651058423, -2.0919133565005126, -3.0704432515537032, 0.6997257471084595, 144.0817537586719
000418.pid, person, 30.27723062038422, -16.858031988143924, -3.205394983291625, 0.4949830174446106, -69.08087757903141
000419.pid, person, 20.953281339009607, -1.9240544120470722, -3.107346113522847, 0.7202730178833008, 153.39544609492268
000419.pid, person, 28.66978645324707, -10.504195976257325, -3.246620353062947, 0.5592424273490906, 64.92311574624586
000420.pid, person, 20.916480941772466, -1.7506716203689603, -3.177807912826537, 0.6359603404998779, 148.7051468939911
000420.pid, person, 28.64135448749249, -10.589395082913917, -3.2905768614548894, 0.5781424641609192, 66.6027465543018
000421.pid, person, 20.915498375892643, -1.6302220858633527, -3.139503054320812, 0.565093457698822, 127.66118328300959
000421.pid, person, 28.62711308797201, -10.601818656921386, -3.279189125696817, 0.5065464973449707, 65.91429204851123
000422.pid, person, 28.642104975382487, -10.60083827972412, -3.1880693276723218, 0.5884429216384888, 67.84159364531666
000422.pid, person, 20.893714141845702, -1.5187403440475469, -3.13886071840922, 0.5004442930221558, 127.2043301797926
000423.pid, person, 20.90309266121157, -1.4111521936232085, -3.132373509868498, 0.6534856557846069, 119.54947936935044
000423.pid, person, 30.89409332275391, -19.119865290323894, -3.133972167968749, 0.6035329103469849, -69.26496262856222
000424.pid, person, 29.047821839650478, -12.328395764032999, -3.0040527780850717, 0.5131034851074219, -69.68538380320288
000424.pid, person, 20.885292579387798, -1.300348834744815, -3.129690318272031, 0.47190162539482117, 132.03527220908518
000425.pid, person, 30.43352203369141, -17.029954274495445, -3.1435331185658755, 0.5804262757301331, -68.59530482504371
000425.pid, person, 20.862516056407582, -1.1817542657707676, -3.1494096047950504, 0.4872129261493683, 141.32156329179298
000426.pid, person, 20.918482526143396, -1.1118300517400106, -3.1481195052464797, 0.6079433560371399, 147.65871862484755
000426.pid, person, 30.186414382037, -16.431323949028467, -3.2486266949597513, 0.3524637818336487, -69.14044880646787
000427.pid, person, 20.93375766638554, -1.0649603876200606, -3.1621785814111876, 0.4340912103652954, 148.57662159431587
000428.pid, person, 20.92950086240415, -0.9896157869586248, -3.1734129852718773, 0.4550575315952301, 154.96083942504703
000429.pid, person, 20.98311125713846, -0.9312459826469428, -3.0616692460101578, 0.5370486378669739, 154.95298365915207
000430.pid, person, 20.991422321485437, -0.8880937177201994, -3.0208718362061866, 0.46692726016044617, 152.764737243571
000431.pid, person, 21.037811915079754, -0.8446190092298759, -3.1371717850367222, 0.48468533158302307, 155.60095231903776
000432.pid, person, 21.072389100727282, -0.742999984245552, -3.129541510029842, 0.3634470999240875, 133.61674907131996
000433.pid, person, 21.112957545689177, -0.787861670766563, -3.196232386997767, 0.4783842861652374, -167.27283949027802
000434.pid, person, 21.163362230573387, -0.7420274359839334, -3.2074141842978334, 0.4230246841907501, 142.16203715731797
000434.pid, person, 28.611480832099918, -10.611994624137882, -3.280431777238845, 0.34645676612854004, 65.91913339405075
000436.pid, person, 30.10091956456503, -16.098644018173218, -3.1337978243827807, 0.4880514144897461, -68.70195441731579
000436.pid, person, 21.198786075298603, -0.7505887655111493, -3.2474514704484196, 0.45593562722206116, 153.84274673520633
000437.pid, person, 21.169424350445087, -0.737759883587177, -3.2939757016988898, 0.4971529543399811, 152.77117302189131
000439.pid, person, 30.49365848965115, -17.98244471020169, -3.315195480982462, 0.35992908477783203, -69.35929483894913
000440.pid, person, 29.108703454335537, -12.173030535380045, -3.020370443662006, 0.506530225276947, -70.27803196831775
000445.pid, person, 28.640634128025603, -10.578893048422676, -3.2352180310658043, 0.34099987149238586, 66.22774663623713
000446.pid, person, 31.479413350423176, -20.395297686258953, -2.8686435858408603, 0.46856507658958435, -68.02727382900053
000446.pid, person, 21.25223991394043, -0.6533243548870098, -3.18909586906433, 0.3445029854774475, -166.33167154946926
000447.pid, person, 21.156803272388604, -0.6413230697313961, -3.1633668652287232, 0.3598346710205078, 173.39812934919829
000448.pid, person, 21.189861853917442, -0.6941485181450867, -3.1605035861333204, 0.35347649455070496, -173.3573540963343
000449.pid, person, 30.279596328735355, -16.786524415016174, -3.2333539277315126, 0.38023966550827026, -69.22925911089808
000449.pid, person, 21.0635347366333, -0.7009035984675113, -3.1800807873407995, 0.3585493266582489, 162.5549438449348
000450.pid, person, 28.639153889247353, -10.594072410038539, -3.232410175459725, 0.4319238066673279, 68.83339806055041
000451.pid, person, 31.248994093674884, -20.575637523944565, -2.8967449848468476, 0.36280936002731323, -69.1388751529872
000452.pid, person, 28.647800191243494, -10.600285466512045, -3.190437571207682, 0.3703261911869049, 65.79466602733321
000454.pid, person, 28.68804168701172, -10.487199987683981, -3.250096218926565, 0.36552688479423523, 65.61872268171251
000454.pid, person, 20.92570818387545, -0.810170836173576, -3.169763638423039, 0.3022918403148651, 173.51944212849367
000455.pid, person, 28.620371882120768, -10.647017415364584, -3.27547396024068, 0.3854549825191498, 67.73236842167219
000455.pid, person, 20.870382675757774, -0.7957068865115853, -3.143727284211378, 0.32995980978012085, 168.69017282425747
000456.pid, person, 28.654805183410648, -10.533271610736849, -3.195657551288603, 0.6356895565986633, 64.12935347592257
000457.pid, person, 29.340083758036297, -13.174289385477701, -3.166381259759266, 0.42552000284194946, -68.19072678422827
000463.pid, person, 20.5480770837693, -0.7419870141006665, -3.147041695458547, 0.33292073011398315, 168.5220197472274
000464.pid, person, 20.485826310657323, -0.69652233095396, -3.1592671417054667, 0.3282443881034851, 162.64945793978657
000465.pid, person, 20.45885909687389, -0.7097698246890893, -3.091612609949978, 0.3661666214466095, 160.8073847117697
000468.pid, person, 20.202639897664387, -0.6245421593387945, -3.0926982065041853, 0.35402917861938477, 158.23489504732296
000473.pid, person, 19.788880847749255, -0.5889768898487098, -3.1431342874254486, 0.35205650329589844, 149.6503945142184
000480.pid, person, 28.68603270394462, -10.509860379355299, -3.245192646980285, 0.514131486415863, 65.29088277446299
000481.pid, person, 29.425806808471684, -13.78666820526123, -3.10957155227661, 0.6779611110687256, -70.75443251596994
000482.pid, person, 29.32662993211013, -13.079343428978557, -3.2394124544583827, 0.3627467751502991, -68.89397974451845
000483.pid, person, 29.721573965890066, -15.03182772227696, -2.7250565631049004, 0.31450170278549194, -69.53568565933699
000488.pid, person, 17.635956330732867, 0.00532051175832813, -3.177881793542341, 0.3354322612285614, 136.79962456016315
000488.pid, person, 28.661398315429686, -10.551522954305018, -3.285503975550333, 0.30966249108314514, 65.5091429275942
000494.pid, person, 28.651249186197916, -10.619828987121583, -3.281183163324991, 0.5037278532981873, 67.75109583243854
000495.pid, person, 31.382548093795776, -21.31773149967194, -2.716983284801244, 0.4214690327644348, -69.30431852213258
000498.pid, person, 29.74296542576381, -15.012560640062604, -2.727449689592633, 0.32655203342437744, -69.54007832232739
000499.pid, person, 30.311058521270752, -16.72803270816803, -3.189283847808836, 0.3161415457725525, -68.80378713248473
000500.pid, person, 30.603592173258463, -17.399701499938963, -2.761690815289815, 0.48263654112815857, -69.12414734286762
000504.pid, person, 30.199180960655212, -16.752744257450107, -3.276306986808776, 0.3598536252975464, -69.17827245778997
000505.pid, person, 28.663263761080227, -10.551956763634319, -3.1906443926004253, 0.43041324615478516, 65.92826250618432
000506.pid, person, 29.553220367431642, -13.767216110229494, -3.1131748914718615, 0.4372401535511017, -68.73301125079087
000517.pid, person, 30.96923330095079, -19.68339623345269, -3.2666251262029005, 0.38966983556747437, -69.23570291740614
000525.pid, person, 28.646467795738808, -10.547760303203876, -3.190752231157742, 0.3318760097026825, 66.03904564079458
000526.pid, person, 31.183427333831787, -20.608270943164825, -2.585619073361158, 0.3246847689151764, -69.5045123331102
000527.pid, person, 30.499457359313965, -17.982971138424343, -3.3160248332553435, 0.39371445775032043, -69.36141812555644
000540.pid, person, 30.79675674438477, -18.95314955711365, -3.097533961137135, 0.4180469214916229, -69.14248702751826
000541.pid, person, 31.050189844767253, -19.34655170440674, -3.038125991821288, 0.355663537979126, -68.299860178178
000543.pid, person, 28.62406085087703, -10.635451243473936, -3.3837576462672296, 0.5013706684112549, 67.0546296811984
000544.pid, person, 31.192846679687506, -20.34932842254639, -3.0098761081695553, 0.35828113555908203, -69.54477213735683
000551.pid, person, 31.793142318725586, -23.085111251244182, -2.897885441780088, 0.3493998944759369, -69.34586469268359
000569.pid, person, 31.336426808283882, -20.708862744844875, -3.0373718921954804, 0.4403495192527771, -68.96129381013213
000570.pid, person, 28.680546367869656, -10.483347556170296, -3.2428057614494765, 0.36369550228118896, 64.22518189047534
000572.pid, person, 30.661618762546123, -17.88019143210517, -3.0974765486187397, 0.4206000864505768, -67.83081211728543
000576.pid, person, 5.908401171366379, -11.00173028310141, -3.8186305363972983, 0.7351834774017334, -144.39675776563124
000579.pid, person, 28.64883627210345, -10.610627310616632, -3.2448829923357274, 0.36351698637008667, 68.81226657790509
000582.pid, person, 5.7940083742141795, -12.01604986190797, -3.5320981740951543, 0.5203601717948914, -91.07593223275
000583.pid, person, 5.810823822021492, -12.257205390930187, -3.6235998630523683, 0.6025472283363342, -79.33182290344524
000584.pid, person, 5.736242498670313, -12.522904941013891, -3.7278634820665637, 0.4579657316207886, -117.04544411742472
000585.pid, person, 5.819845438003547, -12.881612658500678, -3.4390172958374023, 0.6494302153587341, -154.58284370166848
000586.pid, person, 5.889539670944221, -13.091183948516857, -3.5766886949539183, 0.5873603820800781, 3.2881241251609397
000586.pid, person, 31.835798808506556, -20.990781715938024, -3.105465667588369, 0.3521351218223572, -67.6738120464397
000587.pid, person, 5.940463754865865, -13.3254246181912, -3.5823514991336407, 0.5340348482131958, 0.5164599953335313
000588.pid, person, 5.966247631953319, -13.555302840012779, -3.5498768366300144, 0.5323886871337891, 176.70581455839243
000589.pid, person, 5.981323719024664, -13.74066110090777, -3.347586610100486, 0.7264829277992249, 42.613875299627075
000590.pid, person, 6.043065269788113, -13.955931584040334, -3.4631717999776206, 0.4766840636730194, 47.87792238852811
000591.pid, person, 6.090848616191328, -14.159522397177568, -3.4411891187940324, 0.43786925077438354, 29.58989433891671
000592.pid, person, 29.41856702168783, -13.15660977363587, -3.2410021821657806, 0.4948202073574066, -68.83718579245607
000593.pid, person, 29.637635735904468, -14.546421107123884, -3.3152791472042296, 0.4576503336429596, -69.38905547219852
000593.pid, person, 6.24463436820291, -14.51538727500223, -3.1422498659654106, 0.37216177582740784, -150.42555638838957
000594.pid, person, 6.314553130756733, -14.70032943378796, -3.1624747406352656, 0.4601632058620453, -159.7478207740005
000595.pid, person, 6.373324564525066, -14.946597576141363, -3.2040542364120483, 0.6968910098075867, -148.31128959162095
000596.pid, person, 6.412433862686167, -15.1528389794486, -3.229429738862174, 0.6656108498573303, -151.30647939674344
000597.pid, person, 6.545464955843422, -15.327627988962035, -3.2556473108438344, 0.5701696872711182, -135.01084937771938
000598.pid, person, 6.630676529624253, -15.525663289156837, -3.265226537531073, 0.5878260731697083, 32.22758799219002
000599.pid, person, 6.738844064565812, -15.695620170006395, -3.261227791125958, 0.48299479484558105, -134.18066259928358
000599.pid, person, 28.651413798332214, -10.608419954776767, -3.231315806508064, 0.33477604389190674, 67.59684101564251
000600.pid, person, 6.818805183683133, -15.860447406768808, -3.278603332383292, 0.3672312796115875, -131.60067652764778
000605.pid, person, 7.481329250335701, -16.485196050008145, -3.3082202116648363, 0.3344300091266632, -112.49582082915003
000606.pid, person, 7.62729752063752, -16.553426583607997, -3.304210960865021, 0.4108927845954895, -104.13176994729457
000606.pid, person, 31.065139906747003, -19.86185782296317, -2.968259777341569, 0.3188555836677551, -69.13224118466374
000607.pid, person, 7.7539894580841136, -16.6020687421163, -3.2818149328231816, 0.38801226019859314, -97.19319590661706
000612.pid, person, 8.58175452550253, -17.089789920383033, -3.2278805971145634, 0.37523144483566284, -110.14723639968906
000613.pid, person, 8.690400796778068, -17.1620465446921, -3.2964013043571923, 0.45626792311668396, 81.19328310058461
000614.pid, person, 8.899950239393455, -17.225640508863666, -3.374139004283481, 0.31344184279441833, -113.29821667701353
000615.pid, person, 9.069851557413745, -17.323852157592782, -3.3709161758422854, 0.6744807958602905, -140.44789125880067
000615.pid, person, 28.661801274617517, -10.527648099263512, -3.2804916063944485, 0.3996400237083435, 67.00047804686434
000616.pid, person, 9.2464794431414, -17.387980733598987, -3.427399294716971, 0.6332305669784546, -147.50648291487295
000616.pid, person, 28.67586001227884, -10.484517209670127, -3.2427825927734366, 0.3261561095714569, 64.50740041108665
000617.pid, person, 29.331875367598105, -13.539450385353781, -3.1967035640369748, 0.4555743932723999, -70.52973231416053
000617.pid, person, 9.38027638196946, -17.492769002914436, -3.387206643819809, 0.39368993043899536, -137.112887736637
000618.pid, person, 9.54489167531332, -17.583195580376525, -3.44676861498091, 0.5185129642486572, -136.6439458476463
000618.pid, person, 28.677346302912785, -10.505245355459362, -3.0969299536484933, 0.3765522539615631, 63.77456574699844
000619.pid, person, 9.658436266581228, -17.685475158691414, -3.486648829778036, 0.5924955010414124, -128.56827049475348
000620.pid, person, 9.81473487615586, -17.801562070846565, -3.3836751878261566, 0.46652477979660034, -99.20953880067776
000621.pid, person, 9.927622863224583, -17.867403711591457, -3.4769487721579417, 0.3384460508823395, -111.91150478595767
000622.pid, person, 10.030340531293088, -18.030449811150053, -3.3328707919401284, 0.40094828605651855, -110.88177069418717
000623.pid, person, 10.140858948230752, -18.15347051620484, -3.393478751182556, 0.6210681200027466, -112.49793582404092
000624.pid, person, 31.06122334798177, -19.833040618896483, -2.720194395383198, 0.4973888397216797, -68.92028540852891
000624.pid, person, 10.262648463249214, -18.26616048812867, -3.28447137773037, 0.465618759393692, 62.58069455530987
000625.pid, person, 10.417883173624682, -18.301684315999353, -3.509825325012207, 0.569282054901123, 57.3927583594428
000625.pid, person, 28.688988685607914, -10.51203959328788, -3.24529811314174, 0.4054079055786133, 65.13904558598024
000626.pid, person, 10.527670273414035, -18.500571617713344, -3.4521088049961977, 0.32224148511886597, 67.76955830191827
000627.pid, person, 10.551898956298837, -18.619897047678634, -3.3946473399798083, 0.39614319801330566, 49.228315812562315
000629.pid, person, 31.66978669166565, -20.713077425956726, -2.960750833153724, 0.43218567967414856, -67.40950622156635
000630.pid, person, 30.36545906066895, -17.29676259358724, -3.199363009134928, 0.4738324284553528, -69.0762646878255
000631.pid, person, 30.643579776470478, -18.261622575613167, -3.107379674911498, 0.36960381269454956, -69.14358913233471
000632.pid, person, 29.25817394256592, -12.940725599016462, -3.33662302153451, 0.33074864745140076, -70.03403212963292
000633.pid, person, 11.262326853615905, -19.299389021737237, -3.4167559998376036, 0.3692757785320282, -120.17956657014693
000634.pid, person, 28.665182633833453, -10.489224520596592, -3.1966927918520835, 0.400417298078537, 63.12927721282391
000635.pid, person, 11.512353738149015, -19.57474867502849, -3.3526275555292773, 0.3809652626514435, -102.42349231095233
000635.pid, person, 28.628859886756313, -10.60899778512808, -3.288107835329495, 0.3101360499858856, 68.50946183156067
000636.pid, person, 11.612409591674808, -19.730740180382366, -3.3752960975353536, 0.36400794982910156, 63.13098581136603
000637.pid, person, 29.88938962496244, -15.220974335303673, -2.699691630326783, 0.4068636894226074, -69.91328183333431
000638.pid, person, 11.88379955291749, -20.058285304478243, -3.2415109872817993, 0.36159488558769226, 52.989383196945916
000639.pid, person, 11.997209548950204, -20.204242706298835, -3.256268092564174, 0.4023093283176422, 38.96186327031873
000639.pid, person, 29.185740661621097, -12.851178550720215, -3.3250013987223297, 0.30255189538002014, -69.9182922117339
000640.pid, person, 12.096387598249654, -20.375765906439895, -3.257032963964674, 0.3895498216152191, -141.2448773377974
000644.pid, person, 29.401575088500977, -12.355204868316653, -3.0746246278285962, 0.30967068672180176, -64.85267757047365
000650.pid, person, 12.991328981187614, -22.09088844723172, -3.5404215653737388, 0.3027306795120239, 79.4461048428858
