000011.pid, bicycle, 22.938953110665988, -25.493872844811644, -2.6818131316791884, 0.5126107335090637, 48.24524934745577
000012.pid, bicycle, 22.935566213395862, -25.481713877783886, -2.702604227595859, 0.5088706016540527, 39.622347470137456
000013.pid, bicycle, 22.9342349017108, -25.49712619075069, -2.7284216615888806, 0.48887982964515686, 32.91198191617855
000014.pid, bicycle, 22.92708050120961, -25.490077163233906, -2.6824715715466123, 0.5079548954963684, 48.586357532717585
000015.pid, bicycle, 22.942268120615108, -25.485085186205414, -2.6856842919399866, 0.518401563167572, 42.45145108428801
000016.pid, person, 20.133311439962952, 4.12446643324459, -3.089158114264993, 0.32098573446273804, 90.57747355817217
000016.pid, bicycle, 22.92679940329658, -25.501471254560684, -2.68579418791665, 0.4660780131816864, 37.353181081302054
000017.pid, bicycle, 22.919246912002567, -25.501947999000553, -2.7347435727715497, 0.48831579089164734, -116.05720583498126
000018.pid, person, 20.08791340721978, 4.083226376109653, -3.1369150479634595, 0.30807435512542725, 90.4510243899903
000018.pid, bicycle, 22.929184123447968, -25.510575703212197, -2.68719573702131, 0.5034777522087097, 49.74436949674647
000019.pid, bicycle, 22.943706624648154, -25.4879986819099, -2.705761832349441, 0.508182168006897, 44.25123393883248
000020.pid, bicycle, 22.931167429143734, -25.471955790664214, -2.695787191390991, 0.49293458461761475, 37.942323973320754
000021.pid, bicycle, 22.9432012240092, -25.504018995496963, -2.6802325116263495, 0.530695915222168, 36.580965331220284
000022.pid, bicycle, 22.938820679982506, -25.489908006456165, -2.708164870738983, 0.5351463556289673, 44.93200698043887
000023.pid, bicycle, 22.92679093100808, -25.49323688853871, -2.690566034028025, 0.5220987796783447, 30.53692684497866
000024.pid, bicycle, 22.936542193094894, -25.48723545074463, -2.673973679542542, 0.5047006607055664, 48.397401708677776
000025.pid, bicycle, 22.94405763289508, -25.501799527336573, -2.6924536789164826, 0.48384207487106323, 52.60187095463582
000026.pid, bicycle, 22.91143071651459, -25.50052356719971, -2.6787789240479474, 0.5241885781288147, 56.849279939839064
000027.pid, bicycle, 22.917017579078678, -25.488087892532352, -2.6489302441477776, 0.5421816110610962, 45.06809184029846
000028.pid, bicycle, 22.927347064018253, -25.496465384960178, -2.7171739488840108, 0.5488579273223877, 50.63544719148533
000029.pid, bicycle, 22.940624109903975, -25.51046009063721, -2.672125816345215, 0.5650690793991089, 41.52628173483736
000030.pid, bicycle, 22.9444081233098, -25.491382843408832, -2.683231329306578, 0.5502132773399353, 43.080320979712376
000031.pid, bicycle, 22.934036718832484, -25.48476976961703, -2.7148880378620044, 0.5559494495391846, 39.66478845152002
000032.pid, bicycle, 22.93449711799622, -25.493446540832522, -2.662145704030991, 0.5501864552497864, 49.28991773503413
000033.pid, bicycle, 22.95862893497243, -25.494166598600504, -2.7216208191478954, 0.5106776356697083, 48.41818027482377
000034.pid, bicycle, 22.947807366507398, -25.47353123256139, -2.7022217341831754, 0.5335078239440918, 38.06671409750942
000035.pid, bicycle, 22.937336025816023, -25.47658897168709, -2.695053295655684, 0.5230987071990967, 45.80245572051934
000036.pid, bicycle, 22.940714783138702, -25.486533853742813, -2.697522507773505, 0.5455154180526733, 45.59938870530445
000037.pid, bicycle, 22.936408129605383, -25.498020229917586, -2.686114542412035, 0.5638169050216675, 53.89603219948449
000038.pid, bicycle, 22.9323106581165, -25.475875300745813, -2.6867319153201197, 0.5427026748657227, 38.36583549776109
000039.pid, bicycle, 22.933891745174634, -25.48880004882813, -2.701759976499221, 0.55366051197052, 50.24053084301205
000040.pid, bicycle, 22.929501891136173, -25.488283276557926, -2.694984771311283, 0.5728278756141663, 49.66287678062618
000041.pid, bicycle, 22.929302215576175, -25.492305755615238, -2.6978038946787515, 0.5158731341362, 50.52079134616092
000042.pid, bicycle, 22.93669964285458, -25.489932733423572, -2.659615797155044, 0.5108139514923096, 50.80096212542195
000043.pid, bicycle, 22.928428129716355, -25.50034297596325, -2.685792251066728, 0.5490874648094177, 34.3368880037295
000044.pid, bicycle, 22.9458859761556, -25.500181886884903, -2.6973776353730097, 0.5470880270004272, 51.95600902973175
000045.pid, bicycle, 22.948120406179722, -25.48307291666667, -2.664340134822961, 0.5352799296379089, 43.103609194415185
000046.pid, bicycle, 22.93913858587092, -25.49772505326705, -2.6911486278880727, 0.5609564781188965, 31.098323923305376
000047.pid, bicycle, 22.942571282386783, -25.46986705064774, -2.6841786429286008, 0.5533539652824402, 37.35750911634136
000048.pid, bicycle, 22.941121269674866, -25.481488620533668, -2.669253896264469, 0.5435265898704529, 43.01396447914276
000049.pid, bicycle, 22.937799096107486, -25.491065263748172, -2.7167570292949677, 0.36847880482673645, 46.2415282750985
000050.pid, bicycle, 22.937095826671975, -25.49575725678475, -2.6886216517417663, 0.368883341550827, 32.147515002982615
000051.pid, bicycle, 22.918276526711207, -25.493229316942625, -2.6662784128478085, 0.43245694041252136, 44.66552391430271
000052.pid, bicycle, 22.919825524994824, -25.499390688809484, -2.6531432541933926, 0.4407329559326172, 46.53996450727272
000053.pid, bicycle, 22.94558485816507, -25.488051751080686, -2.6824277008281037, 0.4927944839000702, 49.66394942117978
000054.pid, bicycle, 22.90773305585308, -25.48634775223271, -2.6427571004436863, 0.521938681602478, 47.251857872011506
000055.pid, bicycle, 22.944125811258957, -25.48179642359416, -2.6815060708257885, 0.5437824726104736, 45.76673237245999
000056.pid, bicycle, 22.938098090035577, -25.4859911782401, -2.6746066161564417, 0.5472543239593506, 39.615556105519374
000057.pid, bicycle, 22.939427968618034, -25.480234300768057, -2.6647629737854004, 0.4620550870895386, 38.33323262187782
000058.pid, bicycle, 22.954490721225742, -25.501193523406986, -2.7558816745877266, 0.49010202288627625, 38.21180514965635
000059.pid, bicycle, 22.946402192115787, -25.478670835495, -2.7319311648607254, 0.47110411524772644, 42.56020363362342
000060.pid, bicycle, 22.9433827996254, -25.475973844528202, -2.7178448066115384, 0.5317068696022034, 42.56585995369931
000061.pid, bicycle, 22.927639661516466, -25.491404179164345, -2.6597086429595946, 0.544083297252655, 45.81216976938422
000062.pid, bicycle, 22.928273539389338, -25.49107902280746, -2.7046488715756323, 0.5202500820159912, 51.19043324144368
000063.pid, bicycle, 22.947978772615134, -25.49644952071341, -2.696524613781979, 0.5260775685310364, 42.675281773829646
000064.pid, bicycle, 22.93285887581962, -25.488305664062505, -2.6845972742353172, 0.4853851795196533, 46.03211548159419
000065.pid, bicycle, 22.913123675755095, -25.506894588470463, -2.7206785338265553, 0.49634841084480286, 29.96987308313154
000066.pid, bicycle, 22.93574799431695, -25.49075513415867, -2.707172075907389, 0.45304277539253235, 46.79099975267177
000067.pid, bicycle, 22.948322355747223, -25.480231225490574, -2.6994123458862305, 0.45605072379112244, 44.61763760525461
000068.pid, bicycle, 22.920499240650855, -25.514106526094327, -2.6814646510516895, 0.4305664002895355, 23.0566716070177
000069.pid, bicycle, 22.933745511372887, -25.498645528157557, -2.721320080757141, 0.5362988710403442, 46.76137871195696
000070.pid, bicycle, 22.941228249493772, -25.472876324373136, -2.6926816000657925, 0.5293782949447632, 40.96476207703324
000071.pid, bicycle, 22.93622145933264, -25.480021813336545, -2.7127176593331734, 0.5085781216621399, 40.724066036765805
000072.pid, bicycle, 22.942818672426288, -25.481639800533177, -2.749230823209209, 0.4792550504207611, 45.5020346561557
000073.pid, bicycle, 22.928245246410373, -25.484624147415165, -2.666658401489258, 0.5401630997657776, 50.313220493750684
000074.pid, bicycle, 22.92536042531332, -25.469752566019697, -2.6715115865071613, 0.5340886116027832, 39.79166666031295
000075.pid, bicycle, 22.941194309907804, -25.47903908000273, -2.6920117350185624, 0.5241272449493408, 39.8701238655004
000076.pid, bicycle, 22.940628851613695, -25.487981365573024, -2.7243425923009075, 0.5232845544815063, 43.7398508117321
000077.pid, bicycle, 22.936004331035, -25.504185092064645, -2.680206321900891, 0.5372314453125, 40.32541299695557
000078.pid, bicycle, 22.951135953267418, -25.498168945312504, -2.7354815867212086, 0.5235377550125122, 47.0711750161759
000079.pid, bicycle, 22.950356292724614, -25.47281672159831, -2.693117117881775, 0.5211567878723145, 46.035058786834774
000080.pid, bicycle, 22.935249384711774, -25.49003107407514, -2.691799556507784, 0.5158510804176331, 42.793576308917714
000081.pid, bicycle, 22.948958228616156, -25.483526117661423, -2.705825861762552, 0.5597119331359863, 49.85009500190849
000082.pid, bicycle, 22.948752605553832, -25.48640008406206, -2.701954480373498, 0.5583131313323975, 49.55496074808447
000083.pid, bicycle, 22.94580193721887, -25.48544080329664, -2.6994632879892984, 0.5497816205024719, 41.761233521467524
000084.pid, bicycle, 22.953780623043286, -25.472574290107282, -2.724826265783871, 0.5445996522903442, 41.22922247245646
000085.pid, bicycle, 22.946067907871345, -25.495662835928112, -2.6877878323579445, 0.5663259625434875, 45.20842089577631
000086.pid, bicycle, 22.945927778879806, -25.47154129876031, -2.6701477236217923, 0.5687875151634216, 37.287219202292725
000087.pid, bicycle, 22.927330479477394, -25.511819203694664, -2.6965808362671826, 0.5256280303001404, 29.82763226138856
000088.pid, bicycle, 22.94158208370209, -25.481747508049015, -2.6681481823325157, 0.5018999576568604, 47.29017472173741
000089.pid, bicycle, 22.932249768575037, -25.490994008382167, -2.6978905042012533, 0.5567246675491333, 40.7191126426828
000090.pid, bicycle, 22.945047031749382, -25.4900192491936, -2.7136534055074057, 0.5268118381500244, 42.64753827502836
000091.pid, bicycle, 22.938557711514562, -25.485923362500742, -2.7016068733099736, 0.5313944220542908, 46.24954523239318
000092.pid, bicycle, 22.938102126121525, -25.482803463935856, -2.705362156033516, 0.5227677822113037, 46.295720355529625
000093.pid, bicycle, 22.929913341999058, -25.502949833869938, -2.7352702021598816, 0.5698421001434326, 32.27065171961611
000094.pid, bicycle, 22.943655722481868, -25.487607465471545, -2.678633505957467, 0.5420698523521423, 36.38984192226125
000095.pid, bicycle, 22.944339964124893, -25.489205254448787, -2.7349401579962835, 0.4909994602203369, 40.13160818936865
000096.pid, bicycle, 22.938286357455787, -25.498160203297935, -2.6868267787827387, 0.5022616386413574, 47.11461472498559
000097.pid, bicycle, 22.939681221457093, -25.506920702317185, -2.696544640204486, 0.47242724895477295, 56.82706975860689
000098.pid, bicycle, 22.938604008067742, -25.49048238812071, -2.665892897230206, 0.4777420163154602, 47.07235791312489
000099.pid, bicycle, 22.93838102167303, -25.4833584987756, -2.6950504924311782, 0.5058211088180542, 42.48018587355504
000100.pid, bicycle, 22.93200710841588, -25.46804421288627, -2.7342425925391063, 0.5168136954307556, -119.89221165903331
000101.pid, bicycle, 22.94507675170899, -25.492185211181646, -2.7135906832558767, 0.5198660492897034, 40.34293158114166
000102.pid, bicycle, 22.923797545894505, -25.47688638010333, -2.663028701659172, 0.5131374001502991, 44.18279318086539
000103.pid, bicycle, 22.944729287283764, -25.482724979945594, -2.682878977911813, 0.49858736991882324, 41.008423951392814
000104.pid, bicycle, 22.944252238554117, -25.49668620614445, -2.70759879841524, 0.4898146092891693, 47.00722401236768
000105.pid, bicycle, 22.917190305648315, -25.490148913475778, -2.656478935672391, 0.5276318192481995, 44.55956537821418
000106.pid, bicycle, 22.93479937891807, -25.515610971758445, -2.7144506900541243, 0.5345746874809265, 31.0017725791044
000107.pid, bicycle, 22.94055408239365, -25.498970627784733, -2.6930685564875603, 0.5454512238502502, 52.93584009252392
000108.pid, bicycle, 22.93013966083527, -25.494470775127414, -2.648525804281235, 0.5337275862693787, 22.14094835737665
000109.pid, bicycle, 22.947113990783695, -25.488552629947666, -2.725323550403118, 0.5111812949180603, 46.39901206509641
000110.pid, bicycle, 22.946211029501526, -25.482172461117017, -2.6993123994154087, 0.48070743680000305, 45.42948542040582
000111.pid, bicycle, 22.921241984647867, -25.49161254658419, -2.6708104400073784, 0.470731258392334, 47.67291572688981
000112.pid, bicycle, 22.941840258511633, -25.498847614635125, -2.7477522907835064, 0.45843926072120667, 46.014869751084795
000113.pid, bicycle, 22.930712361489576, -25.481504378780247, -2.663025363799065, 0.5477535128593445, 56.633725081383496
000114.pid, bicycle, 22.937512927585182, -25.491079224480526, -2.6884570519129434, 0.5584014654159546, 44.764826241168876
000115.pid, bicycle, 22.933163612119618, -25.480626137025897, -2.6831881461604947, 0.5453885793685913, 40.54802871484038
000116.pid, bicycle, 22.930291435935285, -25.482217673099406, -2.6349113421006636, 0.5373020768165588, 47.631248890644095
000117.pid, bicycle, 22.935627041441023, -25.49991474729596, -2.729655106862386, 0.55792635679245, 51.85379143529448
000118.pid, bicycle, 22.92086348995086, -25.484198477960405, -2.6798473865755144, 0.5342969298362732, 49.53748881751641
000119.pid, bicycle, 22.949348776681084, -25.500567681448803, -2.691211979729789, 0.5428479313850403, 50.046208113118
000120.pid, bicycle, 22.92849982125419, -25.47529999869211, -2.6483656202043804, 0.5507261157035828, 38.01368197128232
000121.pid, bicycle, 22.94115801418529, -25.491166002610154, -2.6592866182327275, 0.4674238860607147, 30.924623962102878
000122.pid, bicycle, 22.923221703731656, -25.510248357599437, -2.690952929583463, 0.47564730048179626, 34.90941028543566
000123.pid, bicycle, 22.951717075548675, -25.49884374518144, -2.7062717299712333, 0.44851991534233093, 43.27970265496899
000124.pid, bicycle, 22.905917485555015, -25.490193875630702, -2.661574896176656, 0.48845186829566956, 70.65637510283851
000125.pid, bicycle, 22.91483239204653, -25.488636016845707, -2.7138859302766867, 0.5080066323280334, 43.49306625647923
000126.pid, bicycle, 22.937017083168033, -25.484192192554477, -2.7116407454013824, 0.45246630907058716, 45.99360035790987
000127.pid, bicycle, 22.927205264568332, -25.49006921052933, -2.6676114350557327, 0.4831318259239197, 46.476941480696716
000128.pid, bicycle, 22.936766075365476, -25.487591772368464, -2.6841241952144737, 0.45535293221473694, 37.0691012730778
000129.pid, bicycle, 22.94580279169856, -25.49779546583021, -2.7098756738611174, 0.442204087972641, 45.57647561648312
000129.pid, bicycle, 23.13535469456723, -26.700483121370013, -2.605856293126155, 0.37900030612945557, -73.17477421136925
000130.pid, bicycle, 22.914579044688836, -25.501000895644683, -2.704224174672907, 0.46168795228004456, -117.34860060162688
000131.pid, bicycle, 22.936033739362447, -25.50910486493792, -2.6759946141924176, 0.5059990286827087, 54.99395196673372
000132.pid, bicycle, 22.953269958496097, -25.49167566299439, -2.6867036700248716, 0.46657463908195496, 43.62978352205066
000133.pid, bicycle, 22.95538412558066, -25.4785693400615, -2.7239235542915963, 0.47781282663345337, 41.452806040095595
000134.pid, bicycle, 22.944597182735325, -25.50473422388877, -2.7089982417321976, 0.4009438157081604, 36.37255494871919
000135.pid, bicycle, 22.945780648125545, -25.478154341379806, -2.689575672149658, 0.41178810596466064, 39.541566800670694
000136.pid, bicycle, 22.92602432475371, -25.512639943291163, -2.6596279004040886, 0.44356071949005127, 36.97380926126456
000137.pid, bicycle, 22.93075450261434, -25.500970363616947, -2.6759070886505976, 0.4538195729255676, 55.68080392846146
000138.pid, bicycle, 22.91717624664307, -25.500347586239087, -2.657961130142212, 0.4896572232246399, 57.37376008031729
000139.pid, bicycle, 22.953800855364122, -25.488938249860496, -2.6975947856903075, 0.4883192479610443, 48.04553009227878
000140.pid, bicycle, 22.937510995303885, -25.487696872038004, -2.6925417745814606, 0.498687744140625, 44.22340100605593
000141.pid, bicycle, 22.937507152557377, -25.492721617221836, -2.711522549390793, 0.5079365372657776, 41.97344207065416
000142.pid, bicycle, 22.945085930101804, -25.49020842349891, -2.716668071168842, 0.49440526962280273, 44.5014252379564
000143.pid, bicycle, 22.934057593345646, -25.48011034727097, -2.6854184195399284, 0.5104517936706543, 37.08674457089123
000144.pid, bicycle, 22.922752707345147, -25.50280140468053, -2.6990924698965895, 0.5082186460494995, 49.94056026270193
000145.pid, bicycle, 22.948304268621634, -25.4812128620763, -2.738252955098306, 0.4381807744503021, 48.42954436109119
000146.pid, bicycle, 22.947391880883114, -25.49418671925863, -2.7108773787816367, 0.4774773120880127, 44.63130907100968
000147.pid, bicycle, 22.93137376958674, -25.489464788725886, -2.6564027901851768, 0.5276033878326416, 43.0878477212523
000148.pid, bicycle, 22.943735440572105, -25.509325599670415, -2.695548852284749, 0.5327159762382507, 37.88182382231387
000149.pid, bicycle, 22.945337189568416, -25.487455421023903, -2.692188772890303, 0.48391303420066833, 39.897892014941505
000150.pid, bicycle, 22.91677832603455, -25.516701936721805, -2.6487367376685143, 0.4997725188732147, 29.385705003168756
000151.pid, bicycle, 22.940244732481062, -25.504534750273738, -2.7073896075740005, 0.5421472787857056, 58.05531001331088
000152.pid, bicycle, 22.937682432286884, -25.47585145164939, -2.6855333061779247, 0.5381341576576233, 45.19400313952098
000153.pid, bicycle, 22.9421563428991, -25.484265495749085, -2.6811043164309334, 0.5363456010818481, 42.722711498617244
000154.pid, person, 20.90440521240235, -2.507876014709478, -3.2597415447235107, 0.4797403812408447, -65.89834533512763
000154.pid, bicycle, 22.926478646018293, -25.487619862411965, -2.676730690580426, 0.5444594025611877, 51.88275102968183
000155.pid, bicycle, 22.947467517852786, -25.494582796096804, -2.699732255935669, 0.5163677334785461, 45.700772410040685
000156.pid, person, 20.884442738124307, -2.6127469880240364, -3.2593623229435513, 0.3285773992538452, 106.11978492777352
000156.pid, bicycle, 22.924811482429508, -25.488398075103763, -2.634927704930306, 0.48759058117866516, 50.669258271160025
000157.pid, person, 20.951127243041995, -2.7190231323242235, -3.2289822816848757, 0.40248969197273254, 109.61458197601685
000157.pid, bicycle, 22.930982947349552, -25.495873689651493, -2.693848453462124, 0.49952432513237, 50.1072996854693
000158.pid, bicycle, 22.942530744216025, -25.49427066129797, -2.6547800793367275, 0.5066138505935669, 49.13688087170242
000159.pid, person, 20.917637311495273, -2.8139522442450944, -3.1804524751809926, 0.6376062631607056, -67.86531680017879
000159.pid, bicycle, 22.922533652361704, -25.49612348219928, -2.693633661550634, 0.5154346227645874, 52.119119465365664
000160.pid, bicycle, 22.948508671351846, -25.490353666033066, -2.7193679673331124, 0.48035678267478943, 43.83343075607174
000161.pid, person, 20.858394622802738, -2.913135727246607, -3.196102102597555, 0.49108177423477173, -76.49985827272906
000161.pid, bicycle, 22.938943553615264, -25.479607040817676, -2.7061403957573145, 0.38438475131988525, 40.34246500271504
000162.pid, person, 20.86112785339356, -2.962787628173834, -3.225457469622294, 0.679556131362915, -74.78351509047937
000162.pid, bicycle, 22.949266041026398, -25.494794396793143, -2.6931709331624654, 0.45749929547309875, 49.336476341700234
000163.pid, person, 20.892386330498592, -3.0757904847463027, -3.2536318567064075, 0.7560417652130127, -68.22664552548616
000163.pid, bicycle, 22.931773687663835, -25.499681071231244, -2.6845854709022925, 0.45879411697387695, 52.93279164257094
000164.pid, person, 20.90603228977749, -3.1003971440451545, -3.3154238973345076, 0.7797682285308838, -86.79803471022308
000164.pid, bicycle, 22.92685370975071, -25.506371974945072, -2.713302148713006, 0.46607449650764465, 46.697430273296966
000165.pid, person, 20.912946912977432, -3.227189302444464, -3.3200535244411897, 0.8045191168785095, -72.84814089452357
000165.pid, bicycle, 22.920248898592867, -25.49070537451542, -2.6559857960903277, 0.5039636492729187, 52.20396149283112
000166.pid, person, 20.880144119262702, -3.255849027633672, -3.316197395324707, 0.8544297814369202, 104.15275300110186
000166.pid, bicycle, 22.943585289849178, -25.474208037058517, -2.670461787117852, 0.5440453886985779, 38.26954968133782
000167.pid, person, 20.89700371878488, -3.3087504931858667, -3.328766516276769, 0.7696899771690369, 106.0728050605183
000167.pid, bicycle, 22.933125866783993, -25.495148234897194, -2.7228506604830423, 0.5246901512145996, 42.53923786585883
000168.pid, person, 20.921134601939812, -3.358671751889322, -3.370759855617177, 0.7206225395202637, 107.9110459480161
000168.pid, bicycle, 22.92118975695442, -25.50507954990163, -2.6558660829768463, 0.5315142273902893, 50.958405941797544
000169.pid, person, 20.914374881320533, -3.3960473272535587, -3.321480062272814, 0.7835822105407715, 108.7931031640895
000169.pid, bicycle, 22.955739482756588, -25.496986204578032, -2.6917536797062045, 0.5509291887283325, 35.52092108304326
000170.pid, person, 20.876004145695617, -3.4131038005535483, -3.2750077797816357, 0.7567950487136841, 103.07242623456753
000170.pid, bicycle, 22.93823564052582, -25.489778399467472, -2.6538948491215706, 0.5296813249588013, 44.845156874432604
000171.pid, person, 20.895224484530363, -3.5038981220939003, -3.314474040811713, 0.7723074555397034, 117.54435698975514
000171.pid, bicycle, 22.94416364034017, -25.488608384743717, -2.6904275906391635, 0.5298118591308594, 47.79179172543676
000172.pid, person, 20.885605862266143, -3.5593275019997113, -3.1648574126394173, 0.794328510761261, 122.80925750253871
000172.pid, bicycle, 22.93880733690764, -25.49316868029143, -2.7108043369493986, 0.5250553488731384, 40.00907713404799
000173.pid, person, 20.86440457795796, -3.6463380738308615, -3.1928752848976543, 0.8109568953514099, 157.65665377884406
000173.pid, bicycle, 22.95861984701718, -25.488729364731736, -2.7074178246890797, 0.5033438801765442, 45.341654131838936
000174.pid, person, 20.852334976196293, -3.6923112652518584, -3.1793299696662216, 0.7995939254760742, 165.20863254515567
000174.pid, bicycle, 22.93990426314505, -25.484641627261517, -2.683552704359356, 0.5364672541618347, 46.59035069351249
000175.pid, person, 20.80699799277566, -3.722115202383567, -3.2051999352195044, 0.7912889719009399, -36.8455379156055
000175.pid, bicycle, 22.928604841232303, -25.479727268218998, -2.666442856192589, 0.5231060981750488, 43.927174702910065
000176.pid, person, 20.80621110825312, -3.7822038332621313, -3.2306687377748036, 0.7862665057182312, 128.7264493080276
000176.pid, bicycle, 22.940699912406306, -25.49921257431443, -2.6906387032689274, 0.4909852147102356, 47.81964277353898
000177.pid, person, 20.768178042243512, -3.810552162282614, -3.1317824055166805, 0.7938022613525391, -45.057592418770575
000177.pid, bicycle, 22.941204124026832, -25.475662549336754, -2.643262200885349, 0.5030273199081421, 46.600871851881756
000178.pid, person, 20.743693785233933, -3.913788166913125, -3.243479100140658, 0.8324151039123535, -49.32058154690541
000178.pid, bicycle, 22.936518404218887, -25.484524620903866, -2.673053032822079, 0.5046505928039551, 45.33423557200218
000179.pid, person, 20.718993759155275, -3.9224323987960874, -3.2214271306991584, 0.8405088782310486, 113.5249738984775
000179.pid, bicycle, 22.92629605531693, -25.490790605545047, -2.6907577514648438, 0.555260956287384, 49.11816404692405
000180.pid, person, 20.754141648610435, -4.046502649784094, -3.303392211596171, 0.8217463493347168, 107.32615322413247
000180.pid, bicycle, 22.92948254671964, -25.505388086492367, -2.6937967936197915, 0.5190074443817139, 39.79926920782053
000181.pid, person, 20.74909477233887, -4.085431909561163, -3.267999839782715, 0.7611046433448792, 105.8689914713556
000181.pid, bicycle, 22.9322610912901, -25.492380084413472, -2.6938428806536123, 0.4556248188018799, 43.35257140232292
000182.pid, person, 20.76872097362172, -4.184490528973672, -3.310257651589134, 0.7602673172950745, 131.24711014347892
000182.pid, bicycle, 22.919942743637986, -25.497852213242478, -2.6891284970676197, 0.45390474796295166, 45.935669836103465
000183.pid, person, 20.745939064025883, -4.20389080047608, -3.281910467147827, 0.7551515102386475, 105.76944539521809
000183.pid, bicycle, 22.922072728474937, -25.503716087341314, -2.679248015085856, 0.44218236207962036, 62.32951277285496
000184.pid, person, 20.761183665348938, -4.3021836647620635, -3.347985139259926, 0.7993587851524353, 125.21838393832456
000184.pid, bicycle, 22.949173900059293, -25.473537826538088, -2.6782124587467737, 0.49025705456733704, 38.504115371841614
000185.pid, person, 20.747343063354496, -4.354114151000983, -3.3067578315734862, 0.7380611896514893, 121.57982293377239
000185.pid, bicycle, 22.923985163370773, -25.49180552164714, -2.7158512274424234, 0.46872979402542114, 38.92734683143639
000186.pid, person, 20.776338768005374, -4.381825208663947, -3.2812881231307984, 0.7899922132492065, 121.24152148784253
000186.pid, bicycle, 22.941336020445217, -25.482243611262398, -2.6986002188462477, 0.5106387734413147, 41.0434092608814
000187.pid, person, 20.76188659667969, -4.450496703386312, -3.307841807603836, 0.8287674188613892, 119.76171079327173
000187.pid, bicycle, 22.943191889170055, -25.481296384656755, -2.678998682949994, 0.5031517148017883, 39.463233802086066
000188.pid, person, 20.760763392728922, -4.494272316203404, -3.155305105097154, 0.5497831106185913, -85.47586927293264
000188.pid, bicycle, 22.91592665279613, -25.492794092963727, -2.709712077589596, 0.5338643193244934, 47.5857715698566
000189.pid, person, 20.765761726780944, -4.573751273908118, -3.2317904798608077, 0.4853881299495697, 89.07120724030229
000189.pid, bicycle, 22.934409517230414, -25.485577612212214, -2.6772799853122597, 0.5276198387145996, 43.88007324397464
000190.pid, person, 20.762621619484644, -4.62670469284058, -3.15171661160209, 0.31369516253471375, 127.07887608286624
000190.pid, bicycle, 22.943787329537532, -25.48726054600307, -2.723192071914673, 0.4956073760986328, 44.9368995313866
000191.pid, person, 20.74512572910475, -4.666390253149951, -3.164601823557978, 0.40814027190208435, -58.77173433001166
000191.pid, bicycle, 22.91987009609447, -25.48762702941895, -2.6300212495467243, 0.48960408568382263, 48.092094740444544
000192.pid, bicycle, 22.942249933878585, -25.485551718509562, -2.693964857043642, 0.5109269022941589, 40.08466320189382
000193.pid, person, 20.73603110843235, -4.759470992618142, -3.1638606919182672, 0.510654628276825, 100.74234315302243
000193.pid, bicycle, 22.94036107904771, -25.50714980854708, -2.6832353648017433, 0.5429568886756897, 55.74437606497512
000194.pid, person, 20.734022957938063, -4.8174642835344645, -3.221718089921134, 0.7932690978050232, 114.99106375677157
000194.pid, bicycle, 22.93982979745576, -25.48190897161311, -2.72235124761408, 0.539826512336731, 40.95196658856384
000195.pid, person, 20.73888492584229, -4.832590858141588, -3.1994762221972155, 0.847089409828186, -58.49244657875402
000195.pid, bicycle, 22.926337073831, -25.503279910368082, -2.6842044451657467, 0.5012966394424438, 53.429680751437
000196.pid, person, 20.762126402421433, -4.902369412508884, -3.2419229204004467, 0.849800705909729, 95.98254950788501
000196.pid, bicycle, 22.950894095680933, -25.476790977246836, -2.674122593619607, 0.5204275250434875, 43.24393380832978
000197.pid, person, 20.782943248748783, -4.93113803863526, -3.2892702519893655, 0.8659690022468567, 112.53722893079544
000197.pid, bicycle, 22.92259550094605, -25.492500901222233, -2.68251284211874, 0.46759170293807983, 49.81467869821716
000198.pid, person, 20.823585192362476, -4.991423606872565, -3.3870111306508384, 0.869912326335907, 105.17365205231842
000198.pid, bicycle, 22.92364871501923, -25.490054786205295, -2.661534957587719, 0.5230550169944763, 37.470593471988025
000199.pid, person, 20.86793263753256, -5.041168689727789, -3.4555525779724126, 0.8712407946586609, 105.28361085252872
000199.pid, bicycle, 22.940108748043286, -25.48549551122329, -2.697324843967662, 0.5586053133010864, 42.13186665329754
000200.pid, person, 20.913696289062504, -5.101689134325306, -3.3977663516998295, 0.8058189749717712, 107.82755197955265
000200.pid, bicycle, 22.95051984226003, -25.49105963987463, -2.7138295734629914, 0.5385552048683167, 36.5948502080029
000201.pid, person, 20.97011348179409, -5.110634054456445, -3.3769090175628667, 0.4200759828090668, 116.57403968536057
000201.pid, bicycle, 22.934705445260715, -25.504290783044066, -2.70205003565008, 0.5388571619987488, 55.01771830144911
000202.pid, person, 21.0168993473053, -5.120992422103888, -3.2730621397495274, 0.8705321550369263, -60.68946204302281
000202.pid, bicycle, 22.93917918849636, -25.485918354343728, -2.6766033043732516, 0.5409257411956787, 44.15621110826168
000203.pid, person, 21.02950787544251, -5.1210246682167115, -3.2184823453426366, 0.8275877833366394, 110.01227439321684
000203.pid, bicycle, 22.911553891499842, -25.470367876688645, -2.698455786705017, 0.5588153004646301, 44.33969737213728
000204.pid, person, 21.064936955769863, -5.1299316088358635, -3.2159555753072104, 0.3657095730304718, 82.54825052567175
000204.pid, bicycle, 22.944767731886646, -25.495004556117916, -2.683655579884847, 0.5270695686340332, 42.255481909795584
000205.pid, person, 21.038656234741218, -5.106887658437099, -3.143936157226564, 0.7719361186027527, 126.96423042600011
000205.pid, bicycle, 22.945530128479007, -25.48287482261658, -2.7194694340229035, 0.5295181274414062, 41.3432619580232
000206.pid, person, 21.135306676228847, -5.184644699096686, -3.109299659729004, 0.8498907685279846, 128.57926237903953
000206.pid, bicycle, 22.94493468148368, -25.484969602312365, -2.6783991609300886, 0.5525752902030945, 42.875759191498446
000207.pid, bicycle, 22.943019462354258, -25.491997805508703, -2.7398649923729175, 0.5762317776679993, 46.102327741252715
000208.pid, bicycle, 22.925563003077656, -25.498821258544925, -2.6637274207490864, 0.5805796384811401, 65.75765867108458
000209.pid, person, 21.21208572387696, -5.108176350593573, -3.13796728849411, 0.844690203666687, -53.36111853022545
000209.pid, bicycle, 22.941824423300258, -25.476609049616638, -2.661858204248789, 0.5117644667625427, 38.800650641931625
000210.pid, person, 21.23036575317383, -5.077784220377609, -3.2230417728424077, 0.8405347466468811, -52.81176414479506
000210.pid, bicycle, 22.93615563710531, -25.495080471038822, -2.706902311907874, 0.5133427381515503, 48.105648634100774
000211.pid, person, 21.21837139129639, -5.046945619583136, -3.106491088867188, 0.7783441543579102, 123.20667383324563
000211.pid, bicycle, 22.91949062962686, -25.482057940575388, -2.6921513157506145, 0.552155077457428, 39.09188091967073
000212.pid, person, 21.248962402343754, -5.09400777816773, -3.0847801208496093, 0.8498290181159973, -68.81160506666501
000212.pid, bicycle, 22.949562345232284, -25.48028613499233, -2.72468432698931, 0.5497364401817322, 43.186296203546135
000213.pid, person, 21.24251492818197, -5.1358360184563585, -3.2150719695621066, 0.8547056913375854, 120.33738023392307
000213.pid, bicycle, 22.935650364045177, -25.52083107732958, -2.6533256576907256, 0.525651216506958, 30.199873016185105
000214.pid, person, 21.252358675003055, -5.181636452674872, -3.109790205955506, 0.8630936145782471, -74.39345058608066
000214.pid, bicycle, 22.938129160139297, -25.480310546027294, -2.6816957195599875, 0.47497981786727905, 42.08441515325679
000215.pid, person, 21.285906600952153, -5.236224174499516, -3.138805309931437, 0.8734686970710754, 119.03322457647005
000215.pid, bicycle, 22.928929955618724, -25.49436106000628, -2.7193033695220947, 0.5154341459274292, 45.98882227315179
000216.pid, person, 21.29864370822907, -5.309102684259421, -3.1661975979804993, 0.8722168803215027, -62.580001451470714
000216.pid, bicycle, 22.959234619140627, -25.493226078578406, -2.74271674156189, 0.5618830919265747, 45.364594698286325
000217.pid, person, 21.330933676825634, -5.372504393259688, -3.185308800803291, 0.8736264109611511, 118.77275547368265
000217.pid, bicycle, 22.93567940683076, -25.47596122279312, -2.673093022722187, 0.5655156970024109, 35.41069832157027
000218.pid, person, 21.328327092257414, -5.407258662310518, -3.1593255779959937, 0.8721935749053955, 114.464474060489
000218.pid, bicycle, 22.924329428837222, -25.47710550242457, -2.6859910570341965, 0.562082827091217, 48.866531877576755
000219.pid, person, 21.32415580749512, -5.4264946619669665, -3.1629358927408853, 0.8716766238212585, 117.77727993495195
000219.pid, bicycle, 22.938937505086265, -25.510696729024254, -2.6983978284729853, 0.5665215253829956, 53.36764798922961
000220.pid, person, 21.33688819408417, -5.466873258352285, -3.133191362023354, 0.8569238781929016, -58.38474019910648
000220.pid, bicycle, 22.928146535700023, -25.478301481767136, -2.6841435215689917, 0.554877519607544, 43.06330517922898
000221.pid, person, 21.356396675109867, -5.5652690410614065, -3.174484658241272, 0.8615639805793762, -53.78944318632771
000221.pid, bicycle, 22.920446001250173, -25.516565454417265, -2.7101911758554396, 0.5558096170425415, 15.88229479588782
000222.pid, person, 21.37966871261597, -5.615116775035863, -3.182651177048683, 0.8432875275611877, 107.16057067539803
000222.pid, bicycle, 22.956743131365098, -25.499836512974333, -2.7169935975755966, 0.5509122014045715, 52.25523858540258
000223.pid, person, 21.394301891326908, -5.68096816539765, -3.1993517676989245, 0.8625832796096802, -54.10318512680108
000223.pid, bicycle, 22.936863980974472, -25.490690013340544, -2.694592094421387, 0.5524687170982361, 46.5035923157297
000224.pid, person, 21.43859876905169, -5.757416078022553, -3.2458902256829405, 0.8632021546363831, -66.56720274559245
000224.pid, bicycle, 22.955949253506134, -25.48935307396783, -2.693551633093092, 0.5802967548370361, 46.51922313986623
000225.pid, person, 21.461483882023742, -5.811183892763584, -3.237603719417866, 0.8695102334022522, 120.99339728356684
000225.pid, bicycle, 22.941233085863523, -25.495843598336887, -2.7013162988604926, 0.5370484590530396, 52.578635910528654
000226.pid, person, 21.492982101440433, -5.89885296821595, -3.2293731927871705, 0.852053165435791, 112.17745236981162
000226.pid, bicycle, 22.942119916280113, -25.477803103129073, -2.6797940413157146, 0.5352243781089783, 52.8942368875182
000227.pid, person, 21.512248516082767, -5.889337778091437, -3.175948957602183, 0.8508660197257996, 118.53331900079702
000227.pid, bicycle, 22.93793646494548, -25.485453658633766, -2.6666726668675746, 0.529238224029541, 39.66092507502399
000228.pid, person, 21.538644350492042, -5.951115351456868, -3.1331722736358643, 0.8581894636154175, 114.95696957121515
000228.pid, bicycle, 22.919219791889194, -25.476995646953586, -2.6806827783584595, 0.5299623608589172, 41.8626545567293
000229.pid, person, 21.569042968750004, -6.020280488332118, -3.1753354072570805, 0.870770275592804, 112.64013731779019
000229.pid, bicycle, 22.92887127783991, -25.491103879867065, -2.6876219549486713, 0.5201335549354553, 44.66286807445213
000230.pid, person, 21.561311244964603, -6.034868041674301, -3.0984727938969936, 0.8091272115707397, 121.6248641472841
000230.pid, bicycle, 22.92883803627708, -25.488845131613996, -2.6546282984993677, 0.5465018153190613, 26.793639146009276
000231.pid, person, 21.619290958751336, -6.122032859108671, -3.090148383920843, 0.818133533000946, 117.23649917027969
000231.pid, bicycle, 22.909861676833213, -25.48165613062242, -2.6201629288056316, 0.5280906558036804, 53.57549436064864
000232.pid, person, 21.630934975363996, -6.179098042574802, -3.110733509063721, 0.8348392844200134, 121.2614432332694
000232.pid, bicycle, 22.932739315610945, -25.48034581271085, -2.7115666649558325, 0.5474770665168762, 73.96802713992342
000233.pid, person, 21.657000223795578, -6.260909080505377, -3.1248822410901393, 0.8512932658195496, 112.82170992072076
000233.pid, bicycle, 22.931160762392246, -25.485698436868606, -2.698395145350489, 0.5229266881942749, 48.363270761691396
000234.pid, person, 21.68074261058461, -6.2889670025218685, -3.1598767150532114, 0.8528264164924622, 123.18662734178311
000234.pid, bicycle, 22.95155463347564, -25.485749064265075, -2.719750095058132, 0.5216866135597229, 42.605966842644754
000235.pid, person, 21.70470841725668, -6.343887805938727, -3.087047517299652, 0.8208921551704407, 107.60476931286277
000235.pid, bicycle, 22.944541633129123, -25.492387235164646, -2.7469679787755013, 0.4937070310115814, 46.94423485135741
000236.pid, person, 21.717654228210453, -6.380083274841316, -3.1099914789199827, 0.7549741268157959, 123.69910221144893
000236.pid, bicycle, 22.950347741444908, -25.49166011810303, -2.7233348091443386, 0.5321176648139954, 44.076435220894886
000237.pid, person, 21.783727645874027, -6.428085962931322, -3.184390121036106, 0.825286328792572, -73.13044471578817
000237.pid, bicycle, 22.933953464031223, -25.477961063385013, -2.6936226338148117, 0.5033945441246033, 43.72869840664848
000238.pid, person, 21.81002578735352, -6.477104949951179, -3.2211703777313234, 0.8013733625411987, -61.86216283514525
000238.pid, bicycle, 22.949008572486143, -25.4868464931365, -2.7076584139177875, 0.5193450450897217, 50.26299748736142
000239.pid, person, 21.82243633270264, -6.4930606683095355, -3.090597271919251, 0.8551694750785828, 88.42197760050404
000239.pid, bicycle, 22.9524848244407, -25.493828166614882, -2.7497471896084873, 0.47529152035713196, 43.32948707463087
000240.pid, bicycle, 22.940060297648117, -25.492616907755536, -2.7004197279612225, 0.5390831828117371, 46.929462148129275
000241.pid, bicycle, 22.932319764168035, -25.486443427301225, -2.7097832156765844, 0.5668392181396484, 42.79890825495214
000242.pid, bicycle, 22.93711925375051, -25.47593971778607, -2.701041838218426, 0.5505728125572205, 49.50359814276573
000243.pid, bicycle, 22.941548865182064, -25.509358814784463, -2.6986069474901475, 0.5320331454277039, 60.01192583678962
000244.pid, bicycle, 22.940780040196014, -25.496629115513397, -2.7106447219848633, 0.5082519054412842, 42.36666544565173
000245.pid, person, 22.013546625773117, -6.640008767445889, -2.9654935201009125, 0.6402161121368408, 85.39383912153039
000245.pid, bicycle, 22.95247655301481, -25.481741054638015, -2.693343091655422, 0.5168701410293579, 40.28852854419768
000246.pid, person, 22.119457960128788, -6.780668735504157, -3.099605947732926, 0.42207852005958557, 120.650605978837
000246.pid, bicycle, 22.927133233206614, -25.490687888009212, -2.6927349839891708, 0.5090103149414062, 45.28029328923129
000247.pid, person, 22.102469444274913, -6.790648380915331, -3.015346129735311, 0.5866177678108215, -54.81643975018693
000247.pid, bicycle, 22.937364209082823, -25.492499874484157, -2.685106877357729, 0.5152654647827148, 29.068197004464462
000248.pid, person, 22.18191613091363, -6.880067401462138, -3.088926209343805, 0.8374666571617126, 127.41197153446913
000248.pid, bicycle, 22.936364143125477, -25.505827565346998, -2.6901126600080922, 0.5293194651603699, 31.096684216789136
000249.pid, person, 22.243944901686454, -6.959428677192106, -3.1767941621633677, 0.8366718292236328, -47.336104205255545
000249.pid, bicycle, 22.928274214267734, -25.502412855625156, -2.733844757080078, 0.515470564365387, 54.662847882744046
000250.pid, person, 22.25557276407878, -7.018752829233811, -3.16263526280721, 0.8316988945007324, 118.41746157501161
000250.pid, bicycle, 22.92983717076919, -25.48616151248708, -2.698052118806278, 0.48363614082336426, 52.39586116426297
000251.pid, person, 22.264230728149418, -7.061316967010504, -3.044810434182485, 0.8186178803443909, 110.62099522826126
000251.pid, bicycle, 22.931544159397937, -25.48684021920869, -2.687086567734227, 0.4821869432926178, 52.54332472297552
000252.pid, person, 22.319050875577062, -7.094240275296304, -3.2125243707136675, 0.8137048482894897, 80.03559230191644
000252.pid, bicycle, 22.947266949547664, -25.48852486080594, -2.7039995789527898, 0.48106706142425537, 41.492109606517346
000253.pid, person, 22.342643737792976, -7.2095293998718315, -3.072845077514649, 0.8008829355239868, 120.4972724224235
000253.pid, bicycle, 22.92337215968541, -25.49099524361747, -2.659224012919835, 0.5018948316574097, 45.12344540681838
000254.pid, person, 22.38564634323121, -7.234508275985724, -3.057384967803956, 0.8256465792655945, -59.2518689667662
000254.pid, bicycle, 22.932241182069525, -25.49737646773055, -2.677185851174432, 0.5222001671791077, 49.54668625181942
000255.pid, bicycle, 22.942497193813328, -25.46527069807053, -2.692797839641571, 0.538646936416626, 37.4515963053728
000256.pid, bicycle, 22.92912786147174, -25.502998800838697, -2.6952626144184784, 0.5003482103347778, 52.21381779888374
000257.pid, bicycle, 22.950997299618194, -25.4958700603909, -2.705063190725115, 0.49270203709602356, 35.91422880980605
000258.pid, bicycle, 22.93940386278876, -25.48312877786571, -2.7116171080490643, 0.47397950291633606, 47.178863821827015
000259.pid, bicycle, 22.93035051899572, -25.50593726865707, -2.6652789731179514, 0.46725955605506897, 27.44912004844497
000260.pid, bicycle, 22.951675610664566, -25.49488204564804, -2.6955827382894664, 0.5181286931037903, 46.10513996698341
000261.pid, bicycle, 22.928601519266767, -25.500054168701176, -2.6657267649968466, 0.5405694246292114, 56.117617305023494
000262.pid, bicycle, 22.942029126485192, -25.497064590454105, -2.728609069188436, 0.5323650240898132, 52.42161922997483
000263.pid, bicycle, 22.93565349578858, -25.48042265574138, -2.6834073464075723, 0.5264837741851807, 56.01769816669648
000264.pid, bicycle, 22.94403053052498, -25.487833890047945, -2.7031412558122114, 0.5463821887969971, 37.95697381187369
000265.pid, bicycle, 22.93328398627204, -25.496545224576387, -2.698607167682132, 0.5595536828041077, 38.44848893379312
000266.pid, bicycle, 22.931172243754073, -25.477195358276372, -2.683042907714844, 0.5343204140663147, 45.44616309041843
000267.pid, bicycle, 22.938345607958343, -25.503608452646358, -2.695970422343204, 0.5298627018928528, 49.56746989878843
000268.pid, bicycle, 22.946867806570875, -25.478119822910855, -2.6858302388872417, 0.528296709060669, 39.72515277250519
000269.pid, bicycle, 22.92714269537675, -25.48436455977591, -2.6648273907209696, 0.5183554887771606, 39.976366492175124
000270.pid, bicycle, 22.942635297775272, -25.503792524337772, -2.698170319199562, 0.5263439416885376, 30.899768919936243
000271.pid, bicycle, 22.926538651989357, -25.49053690510412, -2.6922237949986614, 0.5167921781539917, 49.5910783438698
000272.pid, bicycle, 22.937661788042856, -25.48075434740852, -2.7139160913579605, 0.5211641788482666, 39.47058383101613
000273.pid, bicycle, 22.94296221579275, -25.48999324921639, -2.72656593015117, 0.5389786958694458, 43.717879027328
000274.pid, bicycle, 22.930661801938662, -25.486027329056355, -2.6572765509287515, 0.49409300088882446, -116.6410345755352
000275.pid, bicycle, 22.924320367666397, -25.52024445166955, -2.6802057944811306, 0.5187193751335144, 47.65359591158867
000276.pid, bicycle, 22.93203833164313, -25.49396006266276, -2.6885078320136437, 0.5156261920928955, 40.664047968120194
000277.pid, bicycle, 22.945373227519376, -25.49328164131411, -2.7202110290527344, 0.542387068271637, 51.99912860738443
000278.pid, bicycle, 22.92037587695652, -25.501797146267364, -2.670237607426114, 0.5494205355644226, 58.153585924495914
000279.pid, bicycle, 22.921184250802707, -25.49369355404016, -2.707127318237767, 0.5368322134017944, 43.506925973463304
000280.pid, bicycle, 22.946263366275367, -25.49033519956801, -2.7004991902245417, 0.5227862000465393, 44.616892116165
000280.pid, bicycle, 23.76681661605835, -30.301426792144774, -2.4175168782472602, 0.3163764178752899, -73.69808143593127
000281.pid, bicycle, 22.927745265345422, -25.488254670173895, -2.714684894008021, 0.5340036153793335, -117.69688023988016
000282.pid, bicycle, 22.922115453084313, -25.488536707560225, -2.6939847230911256, 0.530632734298706, 53.455205506077846
000283.pid, bicycle, 22.947329012552903, -25.513024902343755, -2.721333559354146, 0.5340680480003357, 34.248168315257466
000284.pid, bicycle, 22.944689452648166, -25.48713850975037, -2.7002604454755783, 0.5278753042221069, 49.65999246607323
000285.pid, bicycle, 22.93596680959066, -25.483250723944774, -2.6807988815837436, 0.48250243067741394, 34.64323319165812
000286.pid, bicycle, 22.937167080965914, -25.488909865870625, -2.7133865717685586, 0.5044618844985962, 47.98781663387367
000287.pid, bicycle, 22.926683952068466, -25.50427660448798, -2.6988046662560823, 0.5208274126052856, 29.428030977821766
000288.pid, bicycle, 22.93077820539475, -25.4823112487793, -2.703770376741886, 0.5229204893112183, 47.72563382641106
000289.pid, bicycle, 22.929213437167085, -25.497312950365476, -2.7147638219775576, 0.5536218285560608, 51.1250765086264
000290.pid, bicycle, 22.9026357014974, -25.511566225687666, -2.725243600209554, 0.5570873618125916, -114.75133871963206
000291.pid, bicycle, 22.934138530009506, -25.508279027165596, -2.6707115173339844, 0.5270828604698181, 55.1238270433684
000292.pid, bicycle, 22.934170751860652, -25.47781863357082, -2.6672180565920742, 0.5305019617080688, 39.925190482154186
000293.pid, bicycle, 22.933992679302513, -25.479254062359153, -2.677839627632728, 0.5619696974754333, -115.0550588722256
000294.pid, bicycle, 22.93679293464212, -25.492121528176703, -2.6868675736819996, 0.5291212797164917, 42.80625650384195
000295.pid, bicycle, 22.918977506232988, -25.518575668334964, -2.6675392497669566, 0.5257957577705383, 28.375902270377967
000296.pid, bicycle, 22.94995466868083, -25.5074995358785, -2.6854500903023615, 0.5163318514823914, 52.00392587054841
000297.pid, bicycle, 22.929159164428714, -25.48899308372947, -2.6746210420832917, 0.4997387230396271, 45.76692289024352
000298.pid, person, 24.253403613441872, -5.723449380774249, -3.279968311912134, 0.30823010206222534, -10.39523656404021
000298.pid, bicycle, 22.914572179317478, -25.500324130058292, -2.6735284700989723, 0.5030537247657776, 65.32390493826827
000299.pid, bicycle, 22.92638251360725, -25.494793611414295, -2.6845491633695713, 0.5098140835762024, 52.314477649112284
000300.pid, bicycle, 22.93780440092087, -25.490871965885166, -2.7083114087581635, 0.5154198408126831, 46.67943289279826
000301.pid, bicycle, 22.95423719618056, -25.47590644271286, -2.6995836098988852, 0.5097526907920837, -121.16041868298825
000302.pid, bicycle, 22.931279100690574, -25.503956767490934, -2.7345853533063615, 0.5429349541664124, 46.58808790370428
000303.pid, bicycle, 22.924791844685878, -25.495030784606936, -2.659985057512919, 0.5255771279335022, 29.24317782478476
000304.pid, bicycle, 22.93026394997874, -25.486009044031945, -2.6458800838839625, 0.5245310664176941, -115.35441829219275
000305.pid, bicycle, 22.932646052042646, -25.48903903961182, -2.690254259109497, 0.5603983402252197, 54.32182046107257
000306.pid, bicycle, 22.936549067497257, -25.497483491897587, -2.6923333853483205, 0.5780568718910217, -115.14676378027892
000307.pid, bicycle, 22.937604402240957, -25.499311246370016, -2.6997669119583936, 0.5734115242958069, 48.52951528637477
000308.pid, bicycle, 22.9262861887614, -25.486949221293134, -2.714744035402934, 0.5696167349815369, 36.30906985927134
000309.pid, bicycle, 22.942022725155482, -25.48718904194079, -2.693070229731108, 0.5333637595176697, 47.775502006461025
000309.pid, bicycle, 23.08182472652859, -26.777004135979546, -2.655499590767753, 0.3186977803707123, -76.0314702676356
000310.pid, bicycle, 22.94092570410835, -25.48361788855659, -2.6949370172288685, 0.5131524205207825, 43.473197138612676
000311.pid, bicycle, 22.931987145367795, -25.490061367259308, -2.704830604441026, 0.4971792995929718, 47.53832967647354
000312.pid, bicycle, 22.94691652410171, -25.495746163760916, -2.734676620539497, 0.534862220287323, 48.58378962295355
000313.pid, bicycle, 22.952992814959906, -25.465123783458367, -2.6828923442146997, 0.48355233669281006, 42.16188080624355
000314.pid, bicycle, 22.942756652832035, -25.508476327966765, -2.7611107296413846, 0.47987332940101624, 36.28374728518807
000315.pid, bicycle, 22.939380407333378, -25.488077044487003, -2.71639795601368, 0.4291267693042755, 46.0588728957582
000316.pid, bicycle, 22.935633134841922, -25.483182764053346, -2.681110119819641, 0.4219973385334015, 40.71441304901282
000317.pid, bicycle, 22.938864615655717, -25.48850194869503, -2.7051823985192085, 0.4720749855041504, 47.866242107577754
000318.pid, bicycle, 22.938884425807647, -25.50020114795582, -2.7234931185438827, 0.49618396162986755, 45.77566795172593
000319.pid, bicycle, 22.943865929880452, -25.472911404025172, -2.7015705493188675, 0.4973200857639313, 39.63391704338142
000320.pid, bicycle, 22.91360861255277, -25.507041561988096, -2.688326474158995, 0.4909636080265045, 10.396244350675742
000321.pid, bicycle, 22.949034391130724, -25.488564300537114, -2.7043109008244106, 0.47267991304397583, 40.85524840514594
000322.pid, bicycle, 22.934093143628996, -25.485948065052867, -2.656628639801689, 0.49625104665756226, -117.92946893388194
000323.pid, person, 22.89461077814517, -6.154881145643157, -3.112654737804247, 0.5168516039848328, 155.16854797136838
000323.pid, bicycle, 22.924636956417203, -25.48677999323065, -2.668986125425859, 0.4798651933670044, 47.17411663381437
000324.pid, person, 22.882790358170222, -6.243049165476927, -3.08476411777994, 0.7085030674934387, 165.60994423991548
000324.pid, bicycle, 22.95763628410571, -25.50753552985914, -2.703903516133627, 0.5040856003761292, 37.322107165616764
000325.pid, person, 22.91610932350159, -6.301178395748142, -3.1454773743947353, 0.6063632965087891, -171.5184241929865
000325.pid, bicycle, 22.941808180375535, -25.479113145308066, -2.7001378825216586, 0.4906281530857086, 39.05483514513464
000326.pid, person, 22.886750380198166, -6.364956359068557, -3.122518171866735, 0.7080310583114624, -173.41362888220965
000326.pid, bicycle, 22.932799946178093, -25.479828863432918, -2.7280104232556894, 0.5352478623390198, 42.915215568752316
000327.pid, person, 22.873246383666995, -6.416519107818607, -3.1446173667907713, 0.6053162217140198, 175.80057871468566
000327.pid, bicycle, 22.92191185489778, -25.484516882127334, -2.6587974871358564, 0.570781409740448, 42.0464907384891
000328.pid, person, 22.87443938078704, -6.466004318661163, -3.04548591154593, 0.4750336706638336, 174.64747237433056
000328.pid, bicycle, 22.91026247872247, -25.505541112687855, -2.6762705511516995, 0.5300053954124451, 51.737770994141954
000329.pid, person, 22.85441692058857, -6.530300415479224, -3.148627730516287, 0.5359435081481934, 167.6427499606069
000329.pid, bicycle, 22.93659466191342, -25.484885717693132, -2.632950161632739, 0.5014567375183105, 40.652526385512665
000330.pid, person, 22.865464482988635, -6.602565203394211, -3.1042748945099974, 0.4730687439441681, 158.307650095005
000330.pid, bicycle, 22.938072098626034, -25.493892404768204, -2.6962448159853616, 0.5087581276893616, 47.13525027819508
000331.pid, person, 22.87407818547002, -6.667542952078362, -3.1298980006465205, 0.3502724766731262, 162.85837932493206
000331.pid, bicycle, 22.94336396455765, -25.495945751667026, -2.6650874167680745, 0.5155441761016846, 48.046475323371915
000332.pid, person, 22.891508255004887, -6.731054935455326, -3.1459559154510504, 0.5065038204193115, 157.5880679429374
000332.pid, bicycle, 22.940669088652644, -25.477192098444164, -2.7087819359519263, 0.5255261659622192, 40.072925520973925
000333.pid, person, 22.816188587861905, -6.7863231827231045, -3.2444055080413823, 0.8384301662445068, 148.68383643436368
000333.pid, bicycle, 22.93189278770896, -25.50747680664063, -2.6942161812501793, 0.46871379017829895, 53.693657452179686
000334.pid, person, 22.752577185630802, -6.831075817346577, -3.2600529491901398, 0.7946103811264038, 116.43844843131892
000334.pid, bicycle, 22.951028347015384, -25.493743525611034, -2.687882555855645, 0.4233779311180115, 49.05436675207237
000335.pid, person, 22.75992012023926, -6.9003844601767454, -3.2608880485807146, 0.8175153732299805, 120.52503694692423
000335.pid, bicycle, 22.939616480181297, -25.49131233461442, -2.665882102904781, 0.544894814491272, 34.21789856557143
000336.pid, person, 22.73814757664999, -6.937334974606839, -3.287901441256206, 0.6965414881706238, 116.66230341561521
000336.pid, bicycle, 22.938094496726993, -25.488925576210026, -2.7158915027976036, 0.5275084972381592, 43.45619685535533
000337.pid, person, 22.782505393028263, -6.991385310888295, -3.2363515794277196, 0.5557484030723572, 119.40357254088056
000337.pid, bicycle, 22.924893547506898, -25.49713510625503, -2.704069137573242, 0.5175013542175293, 45.753583758054795
000338.pid, person, 22.757435885342687, -7.032671148126781, -3.2340657060796563, 0.7157405018806458, 123.59371120964492
000338.pid, bicycle, 22.950938330756298, -25.484174357520214, -2.7275642487737866, 0.5372213125228882, 45.59718532538795
000339.pid, person, 22.762031701894912, -7.081260901231039, -3.1855212908524733, 0.7648608088493347, 125.30479925570666
000339.pid, bicycle, 22.907423794269565, -25.492652833461765, -2.683224380016327, 0.5514336228370667, 52.85717533102728
000340.pid, person, 22.792260106404626, -7.158976395924892, -3.23088854153951, 0.7124761343002319, 130.53887742596638
000340.pid, bicycle, 22.939298517563767, -25.490772864397837, -2.715741438024185, 0.5731069445610046, 45.12943443481469
000341.pid, person, 22.790944035847986, -7.218288008371993, -3.1512561957041423, 0.8216640949249268, 133.04682286303017
000341.pid, bicycle, 22.922497076146747, -25.488498575547165, -2.6833090992534863, 0.5283573269844055, 45.030275244858124
000342.pid, person, 22.780010768345427, -7.2390036242348845, -3.1244158233915056, 0.7858172655105591, -49.83467537204796
000342.pid, bicycle, 22.92538618272351, -25.47801183885144, -2.6829423135326755, 0.5218870043754578, 46.36816214910429
000343.pid, person, 22.7854791368757, -7.293791498456687, -3.121163385254996, 0.8209124803543091, -51.09849944494497
000343.pid, bicycle, 22.931857844761442, -25.501310457502097, -2.6792156764439174, 0.5492444038391113, 48.6514727560698
000344.pid, person, 22.784618724476214, -7.321310390125628, -3.1594147465445785, 0.7862371802330017, 74.31961008241781
000344.pid, bicycle, 22.942650106218128, -25.491663085089794, -2.7162592808405557, 0.5460576415061951, 37.107009886676664
000345.pid, person, 22.8149715423584, -7.372587394714361, -3.1179372549057005, 0.8299660682678223, -58.978595537761755
000345.pid, bicycle, 22.93150111607143, -25.502838734218056, -2.686543703079224, 0.5495407581329346, 50.575089070100226
000346.pid, person, 22.815105438232425, -7.378829002380378, -3.0989378861018593, 0.8342359066009521, 75.0587476630671
000346.pid, bicycle, 22.917440992413148, -25.498911192922886, -2.666372385892001, 0.5722543597221375, 65.2772778754239
000347.pid, person, 22.852760696411142, -7.40650310516358, -3.1846386432647704, 0.8561968207359314, 86.35664181266782
000347.pid, bicycle, 22.954363331650246, -25.497603271946765, -2.704421122868856, 0.5762366056442261, 51.03069595982657
000348.pid, bicycle, 22.93830723916331, -25.48340446718278, -2.6609671115875244, 0.5633184909820557, 34.48326875807397
000349.pid, bicycle, 22.91861735752651, -25.512629100254607, -2.717879431588309, 0.4076801538467407, 67.14487313227403
000350.pid, bicycle, 22.926762035914834, -25.500073432922367, -2.6864104696682523, 0.4712902307510376, 33.60532826269177
000351.pid, bicycle, 22.944846617869846, -25.47925073672564, -2.666665064982879, 0.501244306564331, 42.301835441470864
000352.pid, bicycle, 22.913884365197386, -25.498314019405484, -2.6694439324465664, 0.5013456344604492, 51.90600294777808
000353.pid, person, 22.987646484375006, -7.5564381599426325, -3.0313589572906494, 0.8439511656761169, 133.57064266633824
000353.pid, bicycle, 22.934551912195545, -25.495633966782517, -2.6882584375493668, 0.5012059211730957, 50.96369163859998
000354.pid, person, 23.00303077697755, -7.603136539459236, -3.0297716140747073, 0.8388894200325012, 137.59579615386423
000354.pid, bicycle, 22.919655411331746, -25.4938587612576, -2.7011375515549276, 0.521243691444397, 52.37076174250692
000355.pid, person, 23.057450866699224, -7.659028530120857, -3.066841411590576, 0.8315580487251282, -45.31027877803147
000355.pid, bicycle, 22.92957652698864, -25.490165363658562, -2.6708966601978648, 0.5426024794578552, 42.72610986001764
000356.pid, person, 23.080041408538825, -7.732220530509956, -3.030514627695084, 0.8517503142356873, -44.08571797633041
000356.pid, bicycle, 22.93314933776856, -25.490567147731785, -2.6925198063254356, 0.4890471398830414, 40.92239577307149
000357.pid, person, 23.114406585693363, -7.777317319597523, -3.0495001247950966, 0.849218487739563, -48.297916529515796
000357.pid, bicycle, 22.941008567810062, -25.49131774902344, -2.681921250290341, 0.4278160631656647, 43.459568534246124
000358.pid, person, 23.1240223475865, -7.8258694240025175, -3.0484597001756946, 0.8564289212226868, -45.23405781206628
000358.pid, bicycle, 22.924602944510326, -25.493080738612587, -2.6941228457859583, 0.4968309998512268, 45.32202791126903
000359.pid, person, 23.17540526390076, -7.8617712259292665, -3.086001098155976, 0.8587738871574402, 80.19316411057584
000359.pid, bicycle, 22.937930691626768, -25.492646740328883, -2.7621546791445826, 0.5030558705329895, 47.90571527398048
000360.pid, person, 23.17880868911744, -7.947661042213446, -3.0871420502662663, 0.8419296145439148, 176.5270781527372
000360.pid, bicycle, 22.92687591753508, -25.49383037968686, -2.6856230811068884, 0.5340446829795837, 41.02972160810112
000361.pid, person, 23.217910003662116, -7.970197677612312, -3.083734130859375, 0.8483270406723022, 102.70664783975906
000361.pid, bicycle, 22.934984970092778, -25.47636019388835, -2.725088040033976, 0.5964443683624268, 41.63003102345459
000362.pid, bicycle, 22.94542527967884, -25.484597852153165, -2.694344412895941, 0.5804619789123535, 52.594348620738785
000363.pid, person, 23.211186091105148, -8.011816819508878, -3.035234371821085, 0.833855152130127, -151.66244723292056
000363.pid, bicycle, 22.939898954119005, -25.48248770577567, -2.7058881964002337, 0.5669718384742737, 41.590820306564304
000364.pid, bicycle, 22.922735907814722, -25.495380112619113, -2.675756613413493, 0.550868570804596, 64.25525408522738
000364.pid, bicycle, 23.13720422042044, -26.731775785747327, -2.604880257656699, 0.36840125918388367, -72.57717225386023
000365.pid, bicycle, 22.931170463562015, -25.494897591440303, -2.6547167112952783, 0.4991203546524048, 49.23677437407501
000366.pid, bicycle, 22.922768347603938, -25.488923318045483, -2.664719438552857, 0.5103138089179993, 46.42707539236701
000367.pid, bicycle, 22.933372048770682, -25.489865359138044, -2.684610780547647, 0.47666943073272705, 42.82717455236256
000368.pid, bicycle, 22.939721407209127, -25.486814880371096, -2.674101087025234, 0.43498358130455017, 41.060579073622094
000369.pid, person, 23.361735661824554, -8.203563054402675, -3.071850856145223, 0.8327639102935791, -53.328873097979645
000369.pid, bicycle, 22.935748018537254, -25.4786489214216, -2.735472461155483, 0.48363780975341797, 41.899766052996306
000370.pid, person, 23.407231330871586, -8.321009476979581, -2.987077752749125, 0.834183931350708, -57.989027884282585
000370.pid, bicycle, 22.960434913635257, -25.50876492261887, -2.700339123606682, 0.4654734432697296, 36.28247340011759
000371.pid, person, 23.45021279652914, -8.404392242431648, -3.028007030487061, 0.8191760182380676, -63.38327037096919
000371.pid, bicycle, 22.92214393615723, -25.49650018355426, -2.6657627049614403, 0.5108215808868408, 56.27544664518274
000372.pid, person, 23.470575714111334, -8.43538780212403, -2.9576796531677254, 0.830224871635437, 102.33268659477454
000372.pid, bicycle, 22.93441026861018, -25.46992174784343, -2.6924880490158545, 0.5145789384841919, 33.37757864687686
000373.pid, person, 23.491962051391614, -8.498259162902839, -2.9922732830047614, 0.8428968191146851, 108.23082498753817
000373.pid, bicycle, 22.959638650076734, -25.48831013270787, -2.7347330570220953, 0.5087010264396667, 45.34392872661476
000374.pid, person, 23.51827494303386, -8.455505053202318, -3.305663108825684, 0.825228214263916, 58.05887062197728
000374.pid, bicycle, 22.937049350223027, -25.499267423475114, -2.6768382175548657, 0.4724193215370178, 41.522180168038545
000375.pid, bicycle, 22.92131064919865, -25.50278983396643, -2.6684254267636467, 0.48706763982772827, 58.78433502307988
000376.pid, bicycle, 22.957573837704132, -25.49279430177477, -2.7139259046978417, 0.46917659044265747, 49.01688918484456
000377.pid, bicycle, 22.934908766495557, -25.49063406492535, -2.685515604521099, 0.49293985962867737, 43.621044214123096
000378.pid, bicycle, 22.941761072944196, -25.472906505360328, -2.692654616692487, 0.5484493970870972, 41.029309952199306
000379.pid, bicycle, 22.950095803397044, -25.49749761308943, -2.715127461297172, 0.5068327784538269, 44.12652270729568
000380.pid, bicycle, 22.929984583999175, -25.485459298798535, -2.69258696382696, 0.45732370018959045, 46.47880840270013
000381.pid, bicycle, 22.932646833147324, -25.488605008806505, -2.6707920278821673, 0.507649302482605, 37.80161292019433
000382.pid, bicycle, 22.923347010756988, -25.516865296797324, -2.667709256663467, 0.4890843331813812, 33.88902996056075
000383.pid, bicycle, 22.941441255457264, -25.47586553237018, -2.6875821772743675, 0.5067494511604309, 39.04288864509285
000384.pid, bicycle, 22.936824567390214, -25.49149865815134, -2.6543043237743955, 0.5094019770622253, 28.985961442571256
000385.pid, bicycle, 22.950197275947126, -25.50140263052548, -2.724230303483851, 0.447879433631897, 44.489798764636355
000386.pid, bicycle, 22.94054746627808, -25.483294645945236, -2.704881025685205, 0.4949784576892853, 39.958430944756635
000387.pid, bicycle, 22.931144656557027, -25.48329729022402, -2.6897253773429175, 0.49818167090415955, 43.502525659674866
000388.pid, bicycle, 22.92006923306373, -25.490480976720015, -2.6705985453821, 0.5642544031143188, 26.96282538235693
000389.pid, bicycle, 22.938981352181273, -25.489437037500846, -2.682425466077081, 0.49262502789497375, 48.85891232118846
000390.pid, bicycle, 22.938740539550786, -25.49110418047224, -2.711621652330671, 0.5258904099464417, 47.32478161208545
000391.pid, bicycle, 22.935967412488218, -25.484338234210842, -2.6705424785614014, 0.5262814164161682, -119.09961425108833
000392.pid, bicycle, 22.923780788074843, -25.49124706152714, -2.7086867852644487, 0.5071017742156982, 45.33843287498784
000393.pid, bicycle, 22.94661664962769, -25.492867257859974, -2.711444000403086, 0.4791465401649475, 43.216973064043806
000394.pid, bicycle, 22.93233680725098, -25.4867546081543, -2.6718783174242295, 0.5088455080986023, 51.32118464038454
000395.pid, bicycle, 22.940149252755305, -25.47943207877023, -2.6878539085388184, 0.5091844797134399, 41.75653661451849
000396.pid, bicycle, 22.932022094726566, -25.49816856384278, -2.6786188534327917, 0.5321035385131836, 49.989225241247006
000397.pid, bicycle, 22.943810568915477, -25.48664628134834, -2.70363986492157, 0.5175401568412781, 44.237637977332575
000398.pid, bicycle, 22.940568992069792, -25.484920978546146, -2.6977471198354452, 0.5135357975959778, 53.64345211885747
000399.pid, bicycle, 22.933687646048412, -25.498169272286553, -2.675841072627476, 0.5448940992355347, 49.14942693390069
000400.pid, bicycle, 22.941600575166593, -25.484682307523844, -2.6940018639845005, 0.5490248799324036, 42.413803736880546
000401.pid, bicycle, 22.931404730852915, -25.5140734279857, -2.6627638690611897, 0.5614820718765259, 29.241966668475193
000402.pid, bicycle, 22.946750640869144, -25.48897891044617, -2.714884155988693, 0.5769729018211365, 40.180786483929175
000403.pid, bicycle, 22.940446333451707, -25.493587782888707, -2.700661023457845, 0.5629525184631348, 44.20848516120802
000404.pid, bicycle, 22.934955215454107, -25.469561894734703, -2.6947775443394977, 0.5738722085952759, 38.9386317487535
000405.pid, bicycle, 22.928855366177032, -25.489781962500683, -2.699927363130781, 0.5799480080604553, 40.16720162174735
000406.pid, bicycle, 22.92272981007894, -25.493304824829107, -2.7033936818440756, 0.5563847422599792, 48.37647598284369
000407.pid, bicycle, 22.953889211018883, -25.49534556070964, -2.6974807103474934, 0.5756916403770447, -121.2085263944663
000408.pid, bicycle, 22.940613495676143, -25.502227180882507, -2.6855255804563822, 0.5587676763534546, 40.885788979636985
000409.pid, bicycle, 22.941716840190274, -25.492053493376705, -2.7244174788075113, 0.51397305727005, 46.685170823020314
000410.pid, bicycle, 22.9265673869365, -25.49410490087561, -2.6572459646173425, 0.5165101885795593, 54.80213361791658
000411.pid, bicycle, 22.928881018502373, -25.486484418596543, -2.689894001824515, 0.5325596928596497, 35.41821358487012
000412.pid, bicycle, 22.93814507652732, -25.498398107640888, -2.7180390007355633, 0.5289475917816162, 48.3635680041633
000413.pid, bicycle, 22.949950959947376, -25.484289063347713, -2.692240403758155, 0.5037505030632019, 44.123083804800466
000414.pid, bicycle, 22.93474782307943, -25.47454840342204, -2.6808425823847455, 0.527876615524292, 47.952450690302456
000415.pid, bicycle, 22.932389808423594, -25.477712053241156, -2.663710073991256, 0.5172858238220215, 40.18594771556798
000416.pid, bicycle, 22.944393214057477, -25.496426245745493, -2.68165184469784, 0.5281736254692078, 32.51782945454213
000417.pid, bicycle, 22.927914810180667, -25.49866072336833, -2.7120511929194135, 0.5424301624298096, 48.43230051094866
000418.pid, bicycle, 22.954136003766745, -25.490334429059715, -2.6955842767442975, 0.5391072630882263, 48.88956914103998
000419.pid, bicycle, 22.925896925084736, -25.490110733929807, -2.6864663853364834, 0.5155735611915588, 39.50058985460808
000420.pid, bicycle, 22.93484828051399, -25.487607114455283, -2.6913072431788727, 0.5304408073425293, 46.45628842363898
000421.pid, bicycle, 22.94687687266957, -25.486951481212273, -2.7153835730119185, 0.5422297716140747, 47.374382324147
000422.pid, bicycle, 22.948516905307773, -25.475681424140934, -2.724671617150307, 0.5464512705802917, 43.15856739332378
000423.pid, bicycle, 22.945590510512847, -25.48396428426107, -2.6902092586864126, 0.5398513674736023, 30.571574076325152
000424.pid, bicycle, 22.9317824419807, -25.50835996515611, -2.6869752126581528, 0.530735194683075, 41.046677227412026
000425.pid, bicycle, 22.926001380471625, -25.48590110330021, -2.6554962747237263, 0.5124529004096985, 45.45242500671549
000426.pid, bicycle, 22.929862158639093, -25.488482557024277, -2.6811867713928224, 0.5286008715629578, 49.550121004398626
000427.pid, bicycle, 22.931681863192857, -25.485507241610826, -2.724428522175756, 0.4861222505569458, 43.776371605068874
000428.pid, bicycle, 22.92833116892222, -25.491266920759873, -2.6793314766239478, 0.5054261684417725, 40.99145194182918
000429.pid, bicycle, 22.92893727620443, -25.49451236724854, -2.7172620058059698, 0.5043278932571411, 49.763310278572355
000430.pid, bicycle, 22.93487930297852, -25.488655945350388, -2.722287761754003, 0.5251064896583557, 54.105127958294695
000431.pid, bicycle, 22.938860692475973, -25.480388741744196, -2.6612031710775277, 0.4821418225765228, 40.207983194476704
000432.pid, bicycle, 22.940153757731125, -25.499008583300046, -2.6840768004908706, 0.528348982334137, 51.90328635036195
000433.pid, bicycle, 22.92744600772858, -25.499312281608585, -2.6539830043911934, 0.5398638844490051, 22.955889866594433
000434.pid, bicycle, 22.922896329094385, -25.501836159650022, -2.6756235361099243, 0.5446012616157532, 30.894061278462473
000435.pid, bicycle, 22.941602255168718, -25.47146982895701, -2.6637456291600277, 0.5110362768173218, 40.74264645850738
000436.pid, bicycle, 22.938605400823782, -25.491751024799967, -2.688637525804581, 0.49612361192703247, 54.41811104216351
000437.pid, bicycle, 22.933119804628436, -25.495096206665043, -2.7263099762701217, 0.5246397852897644, 51.427933560536225
000438.pid, bicycle, 22.93825765337263, -25.48934407915388, -2.701512527465821, 0.531723141670227, 56.75849743786691
000439.pid, bicycle, 22.93230591879951, -25.493156168195938, -2.7098034156693354, 0.5572035312652588, 41.9030252604718
000440.pid, bicycle, 22.91942694692901, -25.49102627147328, -2.660240751324278, 0.5429608225822449, 50.537093624594604
000441.pid, bicycle, 22.944740726101788, -25.496093626945253, -2.7440600779748734, 0.5283578038215637, 44.812184976101356
000442.pid, bicycle, 22.941216020023123, -25.464727289536423, -2.711581728037666, 0.5205113291740417, 36.60544623573849
000443.pid, bicycle, 22.93261478793237, -25.493993820682654, -2.673160383778234, 0.5094357132911682, 34.32609869974645
000444.pid, bicycle, 22.939790956901785, -25.49835707924583, -2.698556813326749, 0.4644196629524231, 53.433055570205326
000445.pid, bicycle, 22.920843315124515, -25.491201591491702, -2.684194246927897, 0.5369443893432617, 57.29803358828514
000446.pid, bicycle, 22.907223666155783, -25.491442221182368, -2.7325166861216235, 0.5238537788391113, -117.61718194508973
000447.pid, bicycle, 22.947318177474177, -25.49084352192126, -2.7047858740154065, 0.5356098413467407, 45.58902170413348
000448.pid, bicycle, 22.919986856394804, -25.478520886651406, -2.6668768175717057, 0.5415942668914795, 57.02481176279937
000449.pid, bicycle, 22.945136451721194, -25.491242599487308, -2.6715090572834015, 0.5244630575180054, 44.39064143083529
000450.pid, bicycle, 22.9390606058055, -25.497588453621702, -2.7187221461328965, 0.531277060508728, 34.19879517246848
000451.pid, bicycle, 22.951641559600834, -25.487050354480747, -2.710197299718857, 0.5516322255134583, 47.941890176971015
000452.pid, bicycle, 22.925771222795763, -25.48975334167481, -2.6634358542306082, 0.5469303131103516, 50.08866220944049
000453.pid, bicycle, 22.940528806050622, -25.496490287780766, -2.6825895071029664, 0.539539098739624, 40.39020344453157
000453.pid, bicycle, 24.32729540930854, -32.29519112904867, -2.331123014291127, 0.3570290207862854, -71.84576435914713
000454.pid, bicycle, 22.953051158360076, -25.488215473720008, -2.7245900630950928, 0.5545910596847534, 41.85997805530432
000455.pid, bicycle, 22.9432700475057, -25.49633582433065, -2.6677960289849176, 0.5464655160903931, 32.74892628250569
000456.pid, bicycle, 22.94839124968558, -25.461007725108757, -2.6950039068857827, 0.5656811594963074, 35.9535051613948
000457.pid, bicycle, 22.93817589499734, -25.489001880992546, -2.702033873760339, 0.557515025138855, 46.030618244361115
000458.pid, bicycle, 22.93386146349785, -25.495894798865688, -2.6917843451866736, 0.580339252948761, 36.89003996856584
000459.pid, bicycle, 22.937772286904828, -25.489344777287666, -2.7086913005725757, 0.5901052355766296, 41.095882919983794
000460.pid, bicycle, 22.925979726454795, -25.492171231438135, -2.6730885716045605, 0.5820665955543518, 48.59835293693115
000461.pid, bicycle, 22.923653781414036, -25.489744901657108, -2.667516700923443, 0.5708445906639099, 42.01850877641779
000462.pid, bicycle, 22.912496634892058, -25.480378014700758, -2.7167093072618758, 0.5266663432121277, 40.62798365434328
000463.pid, bicycle, 22.948001158864876, -25.50400909624602, -2.7170060873031616, 0.5591220855712891, 46.24619388702933
000464.pid, bicycle, 22.95073328791438, -25.479544149862758, -2.6972033268696554, 0.5791217088699341, 43.20323210286384
000465.pid, bicycle, 22.94497304643904, -25.473114395141604, -2.6900818892887655, 0.579067587852478, 39.016865873194746
000466.pid, bicycle, 22.945517823502826, -25.492153580124317, -2.703431902705012, 0.5731161832809448, 44.551069148780456
000467.pid, bicycle, 22.951376615251817, -25.475022125244145, -2.6830595697675435, 0.5295727252960205, 42.33644878598772
000468.pid, bicycle, 22.931781891853582, -25.490895363592337, -2.706084059130761, 0.5175873041152954, 47.51024923317676
000469.pid, bicycle, 22.942922407580962, -25.49915682884955, -2.700914067606772, 0.5114618539810181, 51.630699561600515
000470.pid, bicycle, 22.941158580780034, -25.490128231048587, -2.6756761491298677, 0.5072579383850098, 47.95683381827397
000471.pid, bicycle, 22.95329442024231, -25.496381473541263, -2.6680692791938783, 0.5048195123672485, 50.37202364138022
000472.pid, bicycle, 22.936853128321033, -25.47199361464557, -2.6836033989401424, 0.5145532488822937, 36.96368355972565
000473.pid, bicycle, 22.93284337660846, -25.490932071910187, -2.669191360473633, 0.5161662101745605, 29.841208369986262
000474.pid, bicycle, 22.949591445922856, -25.485594749450687, -2.712565541267395, 0.5287425518035889, 51.3765388478465
000475.pid, bicycle, 22.943942777572143, -25.497835097774388, -2.696984467967864, 0.5181328654289246, 34.64831972653872
000476.pid, bicycle, 22.92946850169789, -25.491769906246304, -2.6703489043495874, 0.5185804963111877, 45.09997976586637
000477.pid, bicycle, 22.914487075805667, -25.49558465140207, -2.6818418094090055, 0.5434077978134155, 46.95963319769129
000478.pid, bicycle, 22.93352967500687, -25.478829801082615, -2.6940724328160286, 0.5175065994262695, 47.005056010704195
000479.pid, bicycle, 22.952159419204254, -25.500467993996363, -2.654029391028664, 0.5148071646690369, 34.75123878621357
000480.pid, bicycle, 22.943766911824547, -25.48626992196748, -2.71220283797293, 0.5284814834594727, 43.22487065859419
000481.pid, bicycle, 22.94183158874512, -25.484534465905394, -2.7017470923337075, 0.5342145562171936, 45.611445317627016
000482.pid, bicycle, 22.93756484985352, -25.47978585561117, -2.673857339223226, 0.5537616610527039, 51.6127712795955
000483.pid, bicycle, 22.932383418083194, -25.48219329118729, -2.6943565011024475, 0.5158612132072449, 44.741867760585016
000484.pid, bicycle, 22.926010074037496, -25.505798571037527, -2.7015225092569985, 0.5279092192649841, 30.463699753811596
000485.pid, bicycle, 22.927885392132932, -25.475927633397724, -2.666471411200131, 0.5437972545623779, 41.43629728628703
000486.pid, bicycle, 22.927191972732547, -25.50754570960999, -2.6925154477357864, 0.5236642956733704, 64.16745665034446
000487.pid, bicycle, 22.940864002003394, -25.481125158422138, -2.7595874561983, 0.4778265953063965, 37.10027623822771
000488.pid, bicycle, 22.940840005874637, -25.503077208995823, -2.6996292397379875, 0.47289857268333435, 33.64144640923442
000489.pid, bicycle, 22.95548601711498, -25.476582919850074, -2.747281046474681, 0.6027230620384216, 45.39539395091114
000490.pid, bicycle, 22.915993257002402, -25.48309881036932, -2.6810679363481924, 0.613020658493042, 43.26205258721177
000491.pid, bicycle, 22.92933482508506, -25.509651737828413, -2.7029999686825663, 0.5900565981864929, 59.338511188686894
000492.pid, bicycle, 22.92695999145508, -25.489188671112064, -2.693758562207222, 0.551799476146698, 53.86349835831228
000493.pid, bicycle, 22.941081285476688, -25.479631662368778, -2.6979471817612652, 0.4799516201019287, 38.92854942256788
000494.pid, bicycle, 22.941555392357614, -25.491016572521584, -2.6873194632991666, 0.5275993943214417, 51.703644544497735
000495.pid, bicycle, 22.942947756859567, -25.456733149866906, -2.6943891202249834, 0.5550866723060608, 34.93910359286536
000496.pid, bicycle, 22.943873313165483, -25.490409543437345, -2.674641501518988, 0.5725489258766174, 50.11012370731819
000497.pid, bicycle, 22.923748754685928, -25.484799784998742, -2.6568434546070714, 0.44818440079689026, 52.35398684957703
000498.pid, bicycle, 22.93212234973908, -25.51228612661362, -2.6805422753095627, 0.4500504732131958, 30.020773204594477
000499.pid, bicycle, 22.943537377022412, -25.4916522051837, -2.6854600068685173, 0.4635457694530487, 48.09978732740602
000500.pid, bicycle, 22.9362483777498, -25.49121319620233, -2.6637435586828935, 0.45558804273605347, 40.25364076131649
000501.pid, bicycle, 22.93590972002815, -25.48981374852798, -2.663075187627007, 0.4601142406463623, 30.695510146627125
000502.pid, bicycle, 22.94011561075847, -25.478691794655543, -2.6909308144540502, 0.4615316390991211, 40.46144250421392
000503.pid, bicycle, 22.923873452579276, -25.484716695897724, -2.672150983529933, 0.37836506962776184, 45.889438497942386
000504.pid, bicycle, 22.934376689365934, -25.494808360508515, -2.707848378590175, 0.438298761844635, 50.100202542256284
000505.pid, motorcycle, 22.944356318882537, -25.4811879839216, -2.67013920375279, 0.4082668423652649, 38.4253143343646
000506.pid, car, 18.399270829700292, -44.72273626781646, -3.2034084513073875, 0.5741940140724182, -80.47306168148026
000506.pid, motorcycle, 22.928360819816593, -25.500565290451053, -2.69694235175848, 0.38511863350868225, 32.93992628968866
000507.pid, bicycle, 22.937447209512037, -25.48677358319683, -2.748360779977614, 0.37583127617836, 44.86972865607706
000507.pid, car, 18.485074043273933, -43.873856589907696, -3.28839948063805, 0.5274402499198914, -79.21067455398133
000508.pid, bicycle, 22.932720086513424, -25.49529501108023, -2.6495886399195743, 0.3616922199726105, 44.59508686335779
000508.pid, car, 18.38694450182793, -42.73641243959085, -3.119709027119172, 0.5128013491630554, 93.08404662679968
000509.pid, car, 18.64528378986177, -41.72230638776507, -3.191920870826358, 0.5042285919189453, 92.39664825845406
000509.pid, motorcycle, 22.925286610921226, -25.494903140597877, -2.656023575199975, 0.3881184160709381, 54.77838580093395
000510.pid, car, 18.481487751007084, -40.121765851974494, -3.206022789080938, 0.5246084928512573, -80.82966969092851
000510.pid, motorcycle, 22.942207509821117, -25.465988910559457, -2.6897883487470224, 0.3858755826950073, 36.57696129581483
000511.pid, bicycle, 22.96166076660156, -25.485799503326415, -2.7203881442546836, 0.33530768752098083, 40.96326900778528
000511.pid, motorcycle, 22.961660766601565, -25.48579950332642, -2.7203881442546844, 0.38816991448402405, 40.96326900778451
000512.pid, motorcycle, 22.94538873944964, -25.49628998892648, -2.6458638804299492, 0.36934006214141846, 28.35777930248325
000513.pid, motorcycle, 22.96211538643673, -25.514817533821898, -2.697554275907319, 0.37951651215553284, 43.96950448615144
000514.pid, bicycle, 22.96016120910645, -25.46201232383991, -2.654367940179232, 0.4066164493560791, 30.536457655276966
000514.pid, motorcycle, 22.96016120910645, -25.462012323839915, -2.6543679401792333, 0.4093547463417053, 30.536457655279204
000515.pid, motorcycle, 22.957205016037516, -25.470090339923733, -2.6632438528126685, 0.44147172570228577, 28.64258273522597
000516.pid, bicycle, 22.916864825833233, -25.502563415035123, -2.563181892518074, 0.3142402470111847, 131.1738107832125
000516.pid, motorcycle, 22.916864825833233, -25.50256341503513, -2.5631818925180747, 0.3493339419364929, 131.1738107832133
000517.pid, motorcycle, 22.91743193001583, -25.453457404827255, -2.5603418432433034, 0.39635974168777466, 125.7711746348411
000518.pid, motorcycle, 22.93341847123771, -25.342601249957912, -2.5013605561749688, 0.3636091351509094, 114.02998487802581
000519.pid, bicycle, 22.97088248641403, -25.234422754358366, -2.5334229822512024, 0.4022182822227478, 129.68111509625072
000520.pid, bicycle, 23.089440425237026, -25.046940485636398, -2.634536057710648, 0.3927519619464874, 152.4183905175727
000521.pid, motorcycle, 23.112632560729985, -24.885494804382326, -2.5073809623718266, 0.4313138723373413, 111.86189621603587
000522.pid, motorcycle, 23.192775053136494, -24.685973111320948, -2.5139846801757812, 0.3792959451675415, 111.90772390919656
000585.pid, car, 23.085290979456023, -15.905827310350208, -3.1820501221550836, 0.8419197201728821, 121.58118063999785
000586.pid, car, 23.602248077392584, -16.126179199218754, -3.070168581008911, 0.8315635919570923, -60.889400281704816
000587.pid, car, 24.10288208007813, -16.42058532714844, -3.207034912109375, 0.7787574529647827, 110.64157112575771
000588.pid, car, 24.825084246121925, -16.724214113675636, -3.2198389310103197, 0.8892694115638733, 109.8496874039415
000589.pid, person, 29.368096669514983, -16.783852259318042, -3.482036511103312, 0.7509539723396301, -164.0078138994536
000589.pid, car, 25.435820146040488, -16.93093438581987, -3.2050349062139336, 0.8519812226295471, 106.37066676958337
000590.pid, person, 29.870987574259445, -17.1737706926134, -3.356678697797987, 0.7548798322677612, -30.94451260598347
000590.pid, car, 26.092715213173317, -17.131888941714642, -3.3880431777552555, 0.604024350643158, 96.52548415467702
000591.pid, person, 30.12862534956499, -16.996383840387523, -3.3694750612432305, 0.7409989237785339, 149.82389353736224
000591.pid, car, 26.705510020256046, -17.27289199829102, -3.084186062216759, 0.8171290755271912, 94.25224561119457
000592.pid, person, 30.123746681213383, -16.83993091583253, -3.366300654411316, 0.7633448243141174, 161.65516647761163
000593.pid, person, 29.734836816787727, -16.715928554534923, -3.3657872378826146, 0.7642977237701416, -13.284609330135897
000593.pid, car, 28.015692816840282, -17.604357083638515, -3.4150810109244456, 0.6758678555488586, 114.81233541489372
000594.pid, person, 30.004799582741484, -16.772766980257906, -3.3479516072706748, 0.7892686128616333, -10.022335627560047
000594.pid, car, 28.528402600969592, -17.801185471670973, -3.3830899000167847, 0.5916244983673096, 103.25332624096322
000595.pid, person, 29.794104470147033, -16.68671862284343, -3.3517140282524966, 0.7805318832397461, 6.618180151441929
000596.pid, person, 30.091921210289005, -17.31763136386872, -3.461541309952736, 0.7847476005554199, -90.91532970430009
000596.pid, car, 29.977902118976303, -18.14318554217999, -2.887490098293011, 0.6285222768783569, 159.66409950570116
000597.pid, person, 30.642241001129154, -17.736396948496505, -3.629431664943695, 0.7709200978279114, -58.03425631568718
000597.pid, car, 30.38494995117188, -17.946601715087894, -2.812590646743775, 0.7917959094047546, -40.62986015741432
000598.pid, person, 31.151209513346362, -17.87306276957195, -3.5283144315083828, 0.7609375715255737, -51.07650829354122
000598.pid, car, 30.510591325305757, -14.255766686939058, -3.1704725878579274, 0.5746895670890808, -58.00397397363448
000600.pid, person, 31.78761931026683, -20.798187929041244, -3.059766941210802, 0.5326337218284607, -67.82713322954606
000605.pid, car, 33.06430172920227, -15.013849099477133, -2.942434599002201, 0.5592960119247437, 135.37952650114906
000607.pid, person, 28.674124240875244, -10.505868256092075, -3.229128316044806, 0.34085190296173096, 65.71649280029793
000611.pid, person, 30.04153090256911, -15.575094589820274, -3.1996936798095694, 0.3839848041534424, -68.33349282776987
000612.pid, person, 28.621728777885437, -10.658943712711334, -3.3096432238817206, 0.6460976004600525, 70.87155451701999
000613.pid, person, 28.642000198364258, -10.527273791176937, -3.4422826596668776, 0.602300763130188, 66.21588681758516
000614.pid, person, 28.641944067818777, -10.566950934273857, -3.244969027382986, 0.5406386256217957, 67.05538443928907
000615.pid, person, 28.640809115241556, -10.546809533063103, -3.3174194588380694, 0.49181655049324036, 65.70800335328062
000616.pid, person, 28.66781997680664, -10.50299321688139, -3.1325728343083297, 0.326535165309906, 64.51075477438049
000620.pid, person, 28.64208857218425, -10.571713765462244, -3.200245475769042, 0.45165225863456726, 67.1917539559291
000621.pid, person, 28.695504506429035, -10.377628644307457, -3.2949986457824694, 0.4484651982784271, -108.57404521453094
000622.pid, person, 31.064031473795573, -19.080357170104982, -3.1391511917114245, 0.5755529403686523, -67.56011176005802
000634.pid, person, 28.599770489860987, -10.648971838109636, -3.3016323622535246, 0.4273034632205963, -101.12304790700856
000635.pid, person, 29.655519866943358, -13.637770462036134, -3.098421883583068, 0.423068106174469, -67.57524803553108
000636.pid, person, 28.63366766536937, -10.580566855037917, -3.285468143575331, 0.4116813540458679, 66.43101002970327
000638.pid, person, 28.636125837053573, -10.566687311444964, -3.2482418673379074, 0.32072344422340393, 67.05310844078487
000639.pid, person, 28.62710523605347, -10.5949005484581, -3.2349296510219565, 0.5373760461807251, 66.69787705169024
000640.pid, person, 28.652741295950758, -10.551110608237135, -3.1480489288057583, 0.31700757145881653, 66.917229248769
000641.pid, person, 31.036563200109146, -18.033001787522263, -3.144149387584012, 0.39757460355758667, -66.19482760849169
000653.pid, person, 30.568539810180663, -16.941624132792153, -2.921736729145049, 0.5805942416191101, -67.06810640104285
000654.pid, person, 28.69200236980732, -10.421932513897238, -3.2114715759570767, 0.5882652401924133, -109.32521376231239
000655.pid, person, 28.635284287588938, -10.501784733363564, -3.1588569709232863, 0.42469707131385803, 63.66986215223955
000658.pid, person, 28.615945928237018, -10.608185431536507, -3.23322930055506, 0.3311604857444763, 67.93671636699351
000662.pid, person, 29.474616845448818, -13.210494200388593, -3.0770802001158386, 0.39573904871940613, -66.51357443468842
000664.pid, person, 29.209932804107666, -12.193797032038376, -3.150086790323256, 0.4223664402961731, -63.5676078364827
000665.pid, person, 28.620163726806645, -10.59142710367839, -3.1519237518310534, 0.42113539576530457, 62.53124885597251
000666.pid, person, 28.684386253356937, -10.471564213434856, -3.373785952726998, 0.41562747955322266, 66.26232777150399
000667.pid, person, 28.612309137980148, -10.616798718770346, -3.245015207926431, 0.43423670530319214, 66.46205245012308
000673.pid, person, 28.62714195251465, -10.567705154418945, -3.251002220007088, 0.5007543563842773, 66.10870812639354
000674.pid, person, 28.62093693869455, -10.574202810014997, -3.1003432273864737, 0.7210992574691772, 63.80462929753689
000675.pid, person, 30.225912961092863, -16.125611565329812, -3.259790528904307, 0.4961688220500946, -69.04714469026368
000680.pid, person, 28.62683963775635, -10.566251754760746, -3.1970473378896704, 0.40581557154655457, 63.54418294715397
000682.pid, person, 29.42847601572673, -13.20580927530925, -3.1539825797080976, 0.488998681306839, -67.01090736545876
000683.pid, person, 28.661238193511963, -10.478946367899578, -3.1453285813331586, 0.3191578686237335, 64.81222669064067
000684.pid, person, 28.616484249339386, -10.607848784502819, -3.2322051104377287, 0.3194137215614319, 67.77590609498786
000687.pid, person, 28.643705622355142, -10.531345494588216, -3.2880540529886866, 0.4197445809841156, 64.87873372780024
000688.pid, person, 28.629841804504395, -10.580010354518892, -3.204840287566183, 0.6798589825630188, 66.64971462429445
000689.pid, person, 30.166739723899152, -15.227010900324041, -2.8326400193301104, 0.3949272334575653, -66.38777979731861
000691.pid, person, 28.658733495076497, -10.538783391316732, -3.294579474131266, 0.4164492189884186, 66.25035963282191
000695.pid, person, 31.603450101964615, -20.000229555017807, -2.9366708993911734, 0.4679327607154846, -66.39939847454343
000696.pid, person, 28.627462267875675, -10.554432392120363, -3.1997465640306455, 0.4293230473995209, 63.99345316639676
000699.pid, person, 28.64106246403286, -10.550756318228585, -3.099745716367448, 0.3477323055267334, 63.75654503081206
000704.pid, person, 28.66554578145345, -10.49092976252238, -3.1420987447102857, 0.5546982288360596, 64.7085573429255
000705.pid, person, 28.630486551920573, -10.60698299407959, -3.1988786538441967, 0.36368051171302795, 67.43905497255787
000713.pid, person, 28.62708435058594, -10.556634457906087, -3.2393770376841218, 0.34247103333473206, 64.692282407334
000714.pid, person, 28.640878404889786, -10.560598850250248, -3.2455734866006027, 0.5215178728103638, 67.32506347615238
000715.pid, person, 28.622228734633506, -10.548046448651483, -3.3155097821179553, 0.4480777978897095, 67.06132700618889
000716.pid, person, 31.01465924580892, -19.153770891825356, -3.187304703394571, 0.4683469831943512, -67.98827578138713
000724.pid, person, 28.629734293619794, -10.623020044962567, -3.2769282023111974, 0.46772122383117676, 69.6715523998144
000725.pid, person, 28.64694419273963, -10.549803880544813, -3.1888710718888493, 0.4423353672027588, 66.67793748511102
000735.pid, person, 28.602819667142985, -10.64071784299963, -3.2748798763050746, 0.3996369540691376, 65.86550350996087
000736.pid, person, 30.650722376505534, -16.921174812316895, -3.0348811546961456, 0.7257453203201294, -66.72481946215083
000737.pid, person, 28.63719571431478, -10.561135864257816, -3.1564518133799226, 0.587062418460846, 66.23339969750577
000738.pid, person, 28.617330142429896, -10.622905186244422, -3.2361925840377785, 0.3663685917854309, 69.3145426202137
000744.pid, person, 28.62879573597628, -10.590830746818995, -3.156852680094101, 0.6604995727539062, 22.190399022165106
000745.pid, person, 28.585997009277342, -10.673424275716146, -3.1902503649393705, 0.4886762201786041, 68.74493936099088
000756.pid, person, 28.664299891545223, -10.500621355496921, -3.0928095670846782, 0.3691755533218384, 64.36376076225224
000764.pid, person, 28.621731519699097, -10.602711498737335, -3.2392043322324744, 0.37583810091018677, 66.86107586741103
000769.pid, person, 29.32304382324219, -13.011938168452335, -3.3084229505979086, 0.40056467056274414, -70.12899235829269
000770.pid, person, 28.61136531829834, -10.590699732303623, -3.2506739646196356, 0.415492445230484, 65.37357724647721
000776.pid, person, 28.639747483389723, -10.561760357448037, -3.2468406983784264, 0.45093855261802673, 67.23200162222125
000788.pid, person, 28.654166294978218, -10.547378319960375, -3.192584496278028, 0.4099632799625397, 66.969268173141
000789.pid, person, 28.677125676472986, -10.497147878011072, -3.208070453008015, 0.415275901556015, 66.51592990599403
000790.pid, person, 28.625181078910828, -10.55634701251984, -3.1997247189283367, 0.35973060131073, 64.4538705634485
000795.pid, person, 28.64248927434286, -10.504357814788818, -3.2587696115175873, 0.35664844512939453, 64.83302218095304
000798.pid, person, 31.42591599857106, -19.94520439821131, -3.233698788811178, 0.359660267829895, -67.78257876930411
000799.pid, person, 28.625209426879888, -10.580062993367516, -3.203898429870605, 0.5852656364440918, 65.46815298583977
000803.pid, person, 28.447121143341064, -8.853808343410495, -3.268537819385528, 0.3710372745990753, 95.75723503338853
000807.pid, person, 29.009303410847988, -10.77866483870007, -3.2150312378292987, 0.31778478622436523, -69.07715111114658
000811.pid, person, 28.010037978490193, -7.87883392969767, -3.214323908090591, 0.423293799161911, 102.98389294386676
000812.pid, person, 27.926786899566654, -7.59627691904704, -3.2436294058958683, 0.48473653197288513, -69.53057060302714
000813.pid, person, 28.054564024272725, -8.39032127982692, -3.122872314955058, 0.42862236499786377, 104.36851001873424
