000018.pid, person, 11.428105990091964, -2.7074805895487533, -3.2877411047617593, 0.36364734172821045, -83.74806498445943
000019.pid, person, 13.211514268602656, -29.01421928405762, -3.3924091713769093, 0.3101752698421478, -171.5338932786576
000020.pid, person, 13.206918863149799, -29.01163365290716, -3.4654111678783712, 0.3367803990840912, -150.49471908542668
000021.pid, person, 13.222690709431975, -29.02569859822592, -3.3990367412567144, 0.36440184712409973, 172.46121423899882
000022.pid, person, 13.25139686039517, -28.974225044250495, -3.3892882210867747, 0.3927654027938843, 156.76190116087398
000023.pid, person, 13.256128629048673, -29.009487279256188, -3.4278929551442463, 0.301991730928421, -169.4095591746646
000024.pid, person, 13.250175857543953, -28.955697123209642, -3.3917407830556234, 0.31387749314308167, 173.58739985145002
000025.pid, person, 13.279534276326505, -28.95636990865072, -3.4231177647908533, 0.3116302192211151, -168.26262019885385
000033.pid, person, 13.401362125690175, -28.83047162569487, -3.4849968506739697, 0.3025703728199005, 161.13257661627563
000038.pid, person, 13.300227101643888, -28.65482635498047, -3.4387954552968343, 0.3153935372829437, 169.5347959468555
000041.pid, person, 13.299890224750234, -28.625469354482806, -3.596413117188674, 0.33275777101516724, 164.8489604701755
000042.pid, person, 13.306092330387669, -28.592930112566275, -3.5850838082177297, 0.3902510106563568, -172.9772710918904
000043.pid, person, 13.282883307513078, -28.57445122213925, -3.551630553077249, 0.3564694821834564, -152.17278086496165
000044.pid, person, 13.302881050109875, -28.51358210245769, -3.5654885927836104, 0.38272494077682495, 175.36728453829411
000047.pid, person, 13.32870848038618, -28.42195510864258, -3.583509024451761, 0.3093101978302002, 152.75443370175435
000048.pid, person, 13.333718844822483, -28.4068318775722, -3.5715618644441878, 0.3103509545326233, 156.8740698198748
000049.pid, person, 13.35602194922312, -28.392175538199297, -3.615498730114528, 0.3129855990409851, 152.6569476862695
000058.pid, person, 13.303064686911458, -28.13978004455567, -3.607702800205776, 0.3553099036216736, 173.27761515209696
000063.pid, person, 13.361285765965789, -28.001178423563648, -3.5217851797739663, 0.3324119746685028, 115.74695475861948
000066.pid, person, 13.304663045065752, -27.920952251979287, -3.5384812695639476, 0.3182472586631775, -63.092811642460426
000068.pid, person, 13.346741104125984, -27.891641108194996, -3.6169351895650226, 0.33443111181259155, 126.1223205865748
000069.pid, person, 13.322084784507762, -27.849450945854194, -3.5833239406347275, 0.3407996892929077, 173.03032100591136
000075.pid, person, 13.373483300209053, -27.684500575065623, -3.5370762795209885, 0.3191715478897095, 124.05999028674721
000078.pid, person, 13.389941978454598, -27.602851486206063, -3.5338858286539714, 0.3132418692111969, 125.89975021309743
000079.pid, person, 13.375593185424812, -27.59105289683623, -3.6091057833503273, 0.3231208026409149, 130.05580946101378
000080.pid, person, 13.334171983930807, -27.57021586100261, -3.6245974037382345, 0.4008438289165497, 126.81481468553994
000081.pid, person, 13.34761035442353, -27.54762554168702, -3.5890453159809113, 0.41490715742111206, 121.6352721223893
000082.pid, person, 13.3219132172434, -27.5138447410182, -3.5839141293575896, 0.36079278588294983, 149.250029955325
000083.pid, person, 13.326955848270003, -27.484338760375987, -3.5841996802224054, 0.4171554148197174, 136.8672381071094
000094.pid, person, 13.206070772806811, -27.132586415608728, -3.598413372039795, 0.30475443601608276, 152.92309347557054
000108.pid, person, 13.171445655822762, -26.776657104492195, -3.587532663345337, 0.31637293100357056, 152.543564752479
000109.pid, person, 13.147465254131122, -26.756532769454157, -3.6013019210413884, 0.38108792901039124, 164.03564621346058
000110.pid, person, 13.149160839262468, -26.724796658470524, -3.5923694428943453, 0.30531418323516846, 164.71284386153488
000119.pid, person, 11.424077351888025, -2.696628491083787, -3.2859439849853516, 0.37534406781196594, -91.53103283780504
000123.pid, person, 13.19452629089356, -26.265510253906253, -3.5732430362701417, 0.35168012976646423, -169.10587689427084
000124.pid, person, 13.204056739807132, -26.25957085536077, -3.546093353858361, 0.35890328884124756, 176.8385925093465
000125.pid, person, 13.22675468808129, -26.22309793744769, -3.523429109936669, 0.36152252554893494, 176.9674328162756
000126.pid, person, 13.256631056467697, -26.224945942560836, -3.562788893779119, 0.34984415769577026, 176.1356430504753
000127.pid, person, 13.276084596460521, -26.195995244112886, -3.507222739132968, 0.3579888343811035, 167.64473478655427
000128.pid, person, 13.28828247070313, -26.19515258789063, -3.519641075134278, 0.3742676377296448, 177.121510785061
000129.pid, person, 13.266837215423589, -26.168963146209723, -3.4870408296585085, 0.3012501299381256, -15.53295734600649
000130.pid, person, 13.270155559886591, -26.160853732715964, -3.5137628533623437, 0.36930376291275024, 167.2072996430898
000131.pid, person, 13.26748355229696, -26.134330670038864, -3.536619504292806, 0.3395717740058899, 164.19626730469358
000133.pid, person, 13.246309776306157, -26.087472763061527, -3.558945779800415, 0.30141472816467285, 153.76370675031905
000134.pid, person, 13.240927903548537, -26.05264224176822, -3.5940064450968867, 0.32667240500450134, 147.60748424378355
000135.pid, person, 13.219965934753423, -26.026384021924894, -3.523980783379596, 0.3395783603191376, 3.212924537857782
000136.pid, person, 13.227508635748006, -25.995695386614123, -3.5269076597122924, 0.3292655348777771, 169.67688546181063
000138.pid, person, 13.243985798047941, -25.949974972268816, -3.560944837072621, 0.3068782687187195, -171.313273988611
000139.pid, person, 13.240269184112554, -25.910036484400436, -3.577745308478674, 0.3134806752204895, 178.76638903470015
000140.pid, person, 13.23646043476306, -25.860060340479805, -3.6029251123729504, 0.3194786608219147, -11.605061980613375
000160.pid, person, 9.944390614827478, 29.57436243693033, -4.552793184916177, 0.46490925550460815, 142.678358973696
000160.pid, person, 13.20581714312236, -25.220402717590336, -3.4816235105196633, 0.445112019777298, 176.9236432336598
000161.pid, person, 13.22020088542592, -25.190427086570057, -3.493673552166332, 0.3893703520298004, -169.84326544677631
000162.pid, person, 13.232744299847152, -25.153552179751195, -3.541241096413654, 0.4164048135280609, -158.57040662469785
000163.pid, person, 13.257470434362244, -25.136655027216136, -3.5848273147236216, 0.47517433762550354, -148.4737079766048
000164.pid, person, 13.230508844057724, -25.113175312678024, -3.547692467768987, 0.4550861120223999, -154.3663358901397
000165.pid, person, 13.255671252375066, -25.08285862466564, -3.5431948952052905, 0.3673273026943207, -126.99278838162289
000166.pid, person, 13.258789221445724, -25.029155969619755, -3.541149894396464, 0.34993427991867065, -127.8137188875177
000167.pid, person, 13.280870715777084, -24.997021834055587, -3.5075310568014775, 0.31905296444892883, 115.56667950213705
000168.pid, person, 13.2926760673523, -24.958413219451906, -3.470783054828644, 0.3499108850955963, 141.108576155412
000169.pid, person, 13.284968376159675, -24.919717152913414, -3.439639170964559, 0.36657676100730896, -70.8747469195171
000170.pid, person, 13.293075214732783, -24.856695088473238, -3.4740959622643213, 0.509996235370636, 133.37081407998252
000171.pid, person, 13.284710710698914, -24.850212617353964, -3.4920569549907343, 0.46235284209251404, 126.44383575094736
000171.pid, person, 38.60255813598633, -42.92495632171631, -2.5162346512079226, 0.3700099587440491, 79.41508186884973
000172.pid, person, 11.23151531219483, -3.0305506706237866, -3.280600309371949, 0.44088342785835266, 55.01705057239342
000172.pid, person, 13.286062240600591, -24.804543868355132, -3.515998021416043, 0.39341628551483154, 133.16950748232392
000173.pid, person, 13.279218723899445, -24.76050868787264, -3.4622026744641756, 0.4306599497795105, 154.40400407891147
000173.pid, person, 11.150247891743986, -3.180336872736619, -3.3060986200968423, 0.4297638237476349, -95.57871038894737
000174.pid, person, 13.292730201374406, -24.71633182872426, -3.484202514995228, 0.4638380706310272, 172.57402810552952
000174.pid, person, 10.870433171590177, -3.6810593605041575, -3.7120155493418374, 0.44443652033805847, -116.28628310133834
000175.pid, person, 13.293444135914683, -24.698521821395214, -3.4851330777873164, 0.49803945422172546, -173.26160579630266
000176.pid, person, 13.300229362819511, -24.67409075861392, -3.4825751366822617, 0.37464824318885803, -158.40606419004118
000176.pid, person, 10.752382914225265, -3.8050102392832508, -3.7601186434427896, 0.333315908908844, -113.15817640061434
000177.pid, person, 13.311577406796546, -24.62094133550471, -3.4589243043552753, 0.414695680141449, -132.83520253610922
000178.pid, person, 13.338182131449386, -24.582639421735497, -3.4662585712614513, 0.378109872341156, -129.25097105739863
000179.pid, person, 13.391830329895024, -24.553120574951176, -3.472937726974487, 0.3129465878009796, -151.6478279031464
000180.pid, person, 13.389761400222785, -24.493143939971926, -3.4036352157592775, 0.36864519119262695, 141.14465661753067
000181.pid, person, 13.390975701181517, -24.476100118536703, -3.4097171206223336, 0.35372456908226013, -20.94858256584056
000182.pid, person, 13.397800082252145, -24.42707579476493, -3.319775660832723, 0.40393248200416565, -172.09420723673247
000182.pid, person, 9.973820495605475, -5.108163356781012, -3.891342210769654, 0.30649787187576294, -122.38767529377006
000183.pid, person, 13.41272813623602, -24.43227525190874, -3.427819186990911, 0.3478603661060333, 149.67150516532828
000184.pid, person, 13.353709638118751, -24.364838957786564, -3.344471260905266, 0.33696064352989197, -171.85712582435943
000185.pid, person, 13.371246393989122, -24.30770874023438, -3.3542669520658603, 0.352594792842865, 59.50983151365509
000186.pid, person, 13.32786655426026, -24.244817988077802, -3.3036365350087484, 0.45424506068229675, -127.57080718458042
000187.pid, person, 13.318365216255195, -24.241064310073856, -3.304054409265518, 0.4629320204257965, 11.45723733485308
000188.pid, person, 13.347699165344245, -24.21344600004309, -3.310802291421329, 0.5688807368278503, -133.93093904590833
000189.pid, person, 13.375274022420252, -24.162678718566898, -3.3324447472890224, 0.5165855884552002, -128.0332746721523
000190.pid, person, 13.377998576444744, -24.111728331621958, -3.31699434448691, 0.5374647974967957, -119.75808859944584
000191.pid, person, 13.408674812316901, -24.0888469696045, -3.3139483451843263, 0.5147015452384949, 71.18754917162646
000192.pid, person, 13.416135787963874, -24.046545028686527, -3.2989198320052204, 0.491391658782959, -134.23650972161403
000193.pid, person, 13.48357206980388, -24.013651275634775, -3.3186286608378093, 0.5564493536949158, 88.45856309616443
000194.pid, person, 13.464807962116447, -24.0160833659925, -3.2777549844039116, 0.44848209619522095, -160.54804086709308
000195.pid, person, 13.466688324423403, -23.974937214570893, -3.278917691286873, 0.5516495704650879, 56.584060328978694
000196.pid, person, 13.420004971822111, -23.994569269816086, -3.3384779930114745, 0.538171112537384, 49.371294275162654
000197.pid, person, 13.44590663909913, -23.95092923300607, -3.32310380254473, 0.4845213294029236, 129.47619747354454
000198.pid, person, 13.419105410575874, -23.907324075698856, -3.269717425107956, 0.45059359073638916, 81.82549404752778
000199.pid, person, 13.41529814402263, -23.87935892740886, -3.344798505306244, 0.5150127410888672, 71.27063036193418
000200.pid, person, 7.503770134665756, -9.471516262401245, -3.6432241526517, 0.5180056691169739, 56.13513770684048
000200.pid, person, 13.361556231975563, -23.840460896492008, -3.2542054355144505, 0.46047261357307434, -154.6167852801813
000201.pid, person, 13.334363810221362, -23.82761408487956, -3.2664954980214436, 0.47858986258506775, -155.7156811717417
000202.pid, person, 13.323893410818926, -23.840165683201384, -3.2955691984721596, 0.39509326219558716, -142.07477708179758
000203.pid, person, 13.321173259190159, -23.78502982003349, -3.3778862101691116, 0.5115938782691956, -122.58232906404183
000203.pid, person, 7.1454620361328205, -10.068881511688241, -4.019368290901185, 0.3390215337276459, -116.9276144793123
000204.pid, person, 13.358180795397086, -23.77808707101005, -3.3648165294102266, 0.4477910101413727, -155.9470557785517
000205.pid, person, 13.36717993872507, -23.70413657597134, -3.3260581152779713, 0.31889504194259644, -112.00527626104764
000210.pid, car, 15.217546145121258, -2.5614913781484034, -3.5648734092712404, 0.6003924012184143, 70.30260912620679
000211.pid, car, 15.316041851043703, -2.6458092570304936, -3.54345623254776, 0.6951943039894104, 83.50639417119771
000212.pid, car, 15.234374046325687, -2.8146035075187754, -3.5250757813453673, 0.7343246936798096, 91.26591612118497
000213.pid, car, 15.29439715544383, -2.757969180742906, -3.492699603239695, 0.7635829448699951, 100.45506464839549
000214.pid, car, 15.366138741776753, -2.9416895879281575, -3.5442780352927543, 0.7914602756500244, 77.92549603877133
000215.pid, car, 15.463716288975311, -3.002744119507932, -3.529042455128261, 0.8070279955863953, 85.42478514249942
000216.pid, car, 15.320035032323892, -3.0102803948763306, -3.517415323772947, 0.8231608271598816, 94.25233362053167
000217.pid, person, 13.269425664629262, -23.335113525390632, -3.5849468367440367, 0.44484642148017883, -21.209292044125252
000217.pid, car, 15.323061646355525, -3.2041904158062438, -3.5286889288160537, 0.7591025829315186, 92.54157249136769
000218.pid, person, 13.23211461305619, -23.310551881790165, -3.4251221120357513, 0.44399815797805786, 171.01652017832367
000218.pid, car, 15.281501723498836, -3.167173083235583, -3.497492220343613, 0.7194112539291382, 93.49742793065
000219.pid, person, 13.222192128499357, -23.26828371683757, -3.5332584222157797, 0.36589646339416504, -52.55612565720222
000219.pid, car, 15.329292119935504, -3.4201778256615967, -3.548773244369862, 0.7669164538383484, 89.02458995686898
000220.pid, person, 13.207631921768193, -23.2496527671814, -3.427262616157532, 0.30731552839279175, 166.77858010945113
000220.pid, car, 15.321083133870907, -3.545595193451106, -3.509701582518491, 0.6934304237365723, 88.13743918821707
000221.pid, person, 13.233271853129077, -23.242859776814786, -3.54620312054952, 0.30158743262290955, 97.69068094089731
000221.pid, car, 15.318939481462754, -3.3588349734033907, -3.4358179171880088, 0.7530767917633057, 88.226270232703
000222.pid, car, 15.247938318455475, -3.53919895912739, -3.498196221412497, 0.6578102111816406, 83.11268199640172
000223.pid, car, 15.369099794432177, -3.6508408258127645, -3.5333794882131175, 0.7694202661514282, 88.7712115871845
000224.pid, car, 15.184286582164278, -3.6350898956641218, -3.451898593168992, 0.8161939382553101, 83.28950640088586
000225.pid, car, 15.242691863666881, -3.783709274096927, -3.497376875443892, 0.7956722378730774, 83.38013391626632
000226.pid, car, 15.138442754745485, -3.9132135386268327, -3.4392293045918145, 0.8022670149803162, 86.8042854328435
000227.pid, car, 15.160419400533042, -4.170969475640195, -3.4801128493414986, 0.8168957829475403, 82.06457801996726
000228.pid, car, 15.172041776228927, -4.119271232157341, -3.4671497734225527, 0.8258526921272278, 83.06350472282074
000229.pid, car, 15.085627158482872, -4.357185090581579, -3.4012283980846405, 0.7973757982254028, 85.43612035261889
000230.pid, car, 15.051427354203897, -4.491388762250863, -3.424083486516425, 0.7356327176094055, 83.14634780215601
000231.pid, car, 15.108549694220228, -4.588590234518054, -3.4484931429227195, 0.6461353898048401, 82.9475756332538
000232.pid, car, 15.006218180936928, -4.981384497062836, -3.5141508439007927, 0.7232571840286255, 80.84266476293838
000233.pid, car, 15.061337182688161, -5.215447714162431, -3.5457343334375424, 0.719002366065979, 79.14610422934396
000234.pid, car, 14.829105661270468, -5.301770068229517, -3.6023564135774655, 0.7590961456298828, 81.97508773774027
000235.pid, car, 14.971665834125721, -5.33693669553389, -3.577337624733908, 0.7861871123313904, 75.83407617902543
000236.pid, car, 14.912079285602182, -5.32996807779585, -3.5482745365220674, 0.8323787450790405, -102.67845171928892
000237.pid, car, 14.872627987581144, -5.388169620551318, -3.617990727518119, 0.7736496329307556, -101.33278536688226
000238.pid, car, 14.634327133496605, -5.493129655718807, -3.6398437470197678, 0.8143688440322876, -104.75756766115472
000239.pid, car, 14.583164283207488, -5.471461398260937, -3.548386602174668, 0.8237864971160889, -104.14895145013006
000240.pid, car, 14.390389594164764, -6.018183480609551, -3.600183806636117, 0.818379282951355, -106.92985091188297
000241.pid, car, 14.178242171682966, -6.414261248053577, -3.521414774220165, 0.8097957968711853, -106.48993883689334
000242.pid, car, 13.855600070953372, -6.557452821731571, -3.4860044717788696, 0.8397420048713684, -113.51601851644955
000243.pid, car, 13.763353098006478, -6.673060587474282, -3.545894497916812, 0.7528724670410156, -114.96544081235706
000244.pid, car, 13.40641870952788, -7.120454708735152, -3.544503064382644, 0.6898797750473022, 60.36601917257808
000245.pid, car, 13.284681807173062, -7.29004799051488, -3.5950112292107117, 0.7756820321083069, -122.21575624406424
000246.pid, car, 13.15289488705722, -7.33511275594885, -3.5342454205859792, 0.8091464638710022, -122.44684167121483
000247.pid, car, 13.224626610918746, -7.489092280225059, -3.6050114224596723, 0.7498922348022461, -122.58890306619108
000248.pid, person, 12.954544792175298, -22.15748123168946, -3.5282536125183106, 0.3156161606311798, -112.64786600785945
000248.pid, car, 12.985384193626611, -7.7730829651291335, -3.543913564166507, 0.6995516419410706, -123.68837213779358
000249.pid, person, 12.93888413906098, -22.130012671152755, -3.5391439398129787, 0.3255780339241028, 90.4376473488856
000249.pid, car, 13.036562465486075, -7.681523675010322, -3.6474936576116654, 0.7233282923698425, -123.21342949706516
000250.pid, person, 12.937136014302574, -22.088156620661422, -3.50691556930542, 0.3633818030357361, 87.66887800967268
000250.pid, car, 12.675138963235394, -8.042482530748526, -3.601085804604195, 0.7553361654281616, -122.67990060362527
000251.pid, person, 12.901678860187538, -22.06573712825776, -3.6008749306201935, 0.3170529007911682, 37.5755183497968
000251.pid, car, 12.469869788487754, -8.465742031733196, -3.3908889214197795, 0.6995963454246521, -124.89484520097147
000252.pid, car, 12.175507934726017, -8.766802476376906, -3.365930649698997, 0.6905447244644165, -127.70281271762926
000253.pid, car, 11.905353770536538, -8.73078158322503, -3.4069318701239193, 0.7958167195320129, -130.10204036095743
000254.pid, car, 11.585993869884597, -8.8112740001163, -3.6561263960760995, 0.7824484705924988, -138.03651772321177
000255.pid, car, 11.17725327809652, -8.991960970560713, -3.617628534634908, 0.7848987579345703, -130.1655734496566
000256.pid, car, 10.667958683437776, -9.0752422368085, -3.547738137068572, 0.8408153653144836, -124.37315172612256
000257.pid, person, 3.738261875898946, -12.073181691377062, -3.502219283062478, 0.4220197796821594, 89.00023815184147
000257.pid, car, 10.370535695875017, -9.508592863340638, -3.7746015239406274, 0.8537096977233887, -126.71716486639085
000258.pid, car, 10.352040206684789, -9.476711048799405, -3.8103811881121477, 0.8236417174339294, -111.75183096792298
000259.pid, person, 12.862688498063527, -21.77123026414351, -3.5606895901940088, 0.3484211266040802, -44.255063945208164
000259.pid, car, 9.752950653433803, -9.673318505287174, -3.8944694101810455, 0.8233388662338257, -137.71542057467403
000260.pid, person, 12.84484407636855, -21.754574351840553, -3.5701161887910637, 0.4809204041957855, 115.94689614160481
000260.pid, car, 9.242505348645727, -9.789757691896883, -3.8864159125548148, 0.8068310618400574, -132.93162996100708
000261.pid, person, 12.801859905845246, -21.70127828497636, -3.4910677734174227, 0.5447565913200378, -32.56977642438148
000261.pid, car, 8.323758006095893, -10.301491022109992, -3.6427133828401566, 0.7262734770774841, 36.39194262343294
000262.pid, person, 12.826441383361821, -21.659862327575688, -3.5763288140296936, 0.398608535528183, 134.6293670780491
000262.pid, car, 8.06652785885719, -10.520378666539349, -3.757412995061567, 0.8348148465156555, -141.72095178019583
000263.pid, person, 12.812442129308533, -21.617010116577152, -3.5955366763201626, 0.40490248799324036, -103.73664316999015
000263.pid, car, 8.043705976926372, -10.270482796889091, -3.735455586360051, 0.6735213994979858, -133.05252900349817
000264.pid, person, 12.765192372458328, -21.556276457650323, -3.5911973544529507, 0.47723686695098877, 27.59919879973265
000264.pid, car, 7.4248110126046605, -10.251025424284094, -3.786610953948077, 0.8909087777137756, -116.3964551017742
000265.pid, person, 12.803734355502668, -21.544709311591262, -3.5644728210237293, 0.4539211392402649, -111.7137967323439
000265.pid, car, 7.315067699977338, -10.321068445841478, -3.9347401005881175, 0.8743404150009155, 77.72610188438018
000266.pid, person, 12.79027342796326, -21.47753477096558, -3.521523094177246, 0.4347899556159973, -108.83932442690573
000266.pid, car, 6.751101970672614, -10.350162722847683, -4.083433443849737, 0.8676335215568542, -109.65640452901243
000267.pid, person, 12.777368433335255, -21.431922463809748, -3.5912290741415585, 0.3559926748275757, 66.60376301091071
000273.pid, person, 12.640169843037931, -21.13354568481446, -3.5399827957153325, 0.37080830335617065, -26.280603251591835
000274.pid, person, 12.655779587595092, -21.075190092387956, -3.5237709723020854, 0.36457934975624084, -171.2861545358329
000275.pid, person, 12.638401884781693, -21.04183839496814, -3.6398503152947685, 0.3332552909851074, -114.66750716318901
000276.pid, person, 12.601788520812994, -20.943064190092546, -3.5341064362298873, 0.5005979537963867, -89.15974129875218
000277.pid, person, 12.609639043393349, -20.907094789587937, -3.555289351421854, 0.6253491044044495, -89.02301641854302
000278.pid, person, 12.583119465754589, -20.912655903742866, -3.691431375650259, 0.5634441375732422, 67.11335021437584
000279.pid, person, 12.580226353236613, -20.80308028629849, -3.5872508287429814, 0.7375852465629578, -130.8992667364853
000280.pid, person, 12.561990601675857, -20.708816937037884, -3.5219458682196483, 0.5747431516647339, -0.7744490069010563
000281.pid, person, 12.556277188387787, -20.682264154607605, -3.562665332447399, 0.46387243270874023, 167.3887833916083
000282.pid, person, 12.535659207238098, -20.645162794325092, -3.5032910505930586, 0.510502815246582, 171.3882239635223
000283.pid, person, 12.518286959330247, -20.623550669352216, -3.458256928126018, 0.3916539251804352, 147.84004020328493
000285.pid, person, 12.400653157915395, -20.536621502467572, -3.595931274550302, 0.5976414680480957, 156.35356162096994
000286.pid, person, 12.333563168843595, -20.4867727915446, -3.497411823272705, 0.3793492615222931, 165.44654155677054
000287.pid, person, 12.309467434883125, -20.468645811080936, -3.5229437500238423, 0.4509686231613159, 168.86162365193906
000288.pid, person, 12.272923405965177, -20.43006718953451, -3.4459357420603434, 0.46495509147644043, 166.0951074876494
000289.pid, person, 12.212105530958919, -20.341798488910392, -3.4394263304196877, 0.43948033452033997, 154.6926758444403
000290.pid, person, 12.235389777592259, -20.28821073259627, -3.4850790500640874, 0.5846430659294128, 161.83463405985066
000292.pid, person, 12.17310013089862, -20.19315392630441, -3.462523783956255, 0.3293377459049225, 155.47327252066125
000293.pid, person, 12.156462097167973, -20.146270624796557, -3.4731400489807127, 0.3447751998901367, 172.6999257628585
000294.pid, person, 12.125693766276049, -20.118880462646487, -3.4298365910847983, 0.47187337279319763, 156.96502361498682
000298.pid, person, 11.93511229753495, -19.995955586433418, -3.4746259897947316, 0.666754961013794, 153.13930298849766
000299.pid, person, 11.918929100036628, -19.95234005267804, -3.504808095785288, 0.6829047203063965, 172.91889357647543
000300.pid, person, 11.8377400080363, -19.903085199991867, -3.512589359283447, 0.7005391716957092, 166.97883866425872
000301.pid, person, 11.843907628740592, -19.8952351978847, -3.466781258583069, 0.3945956826210022, 176.27740826310122
000310.pid, person, 11.48272734421951, -19.541730734018184, -3.5321746972891, 0.5641291737556458, 104.33096684846736
000311.pid, person, 11.408090759726138, -19.412309310015516, -3.563981897690717, 0.44344764947891235, 108.22506417812188
000312.pid, person, 11.380728022257495, -19.38749440511069, -3.563710673650106, 0.5008035898208618, 124.25082679784677
000313.pid, person, 11.388042926788339, -19.336502393086757, -3.5887889663378396, 0.31913551688194275, 115.62534586976855
000318.pid, person, 11.208279976477996, -19.057772856492267, -3.5634100070366492, 0.3260349929332733, 112.65738359117661
000319.pid, person, 11.122635602951059, -18.985345363616947, -3.5676688849926, 0.40126022696495056, 127.90158632414037
000320.pid, person, 11.10692860529974, -18.975713729858402, -3.561592413828923, 0.32696250081062317, 149.8150593870402
000326.pid, person, 10.984768358866381, -18.676320521036793, -3.502016719182332, 0.34865862131118774, 163.20364001873065
000327.pid, person, 10.958037503560389, -18.631313832600917, -3.540637906392415, 0.3180813491344452, -14.850549219341861
000328.pid, person, 10.962169329325365, -18.59102452596029, -3.557076009114583, 0.3318078815937042, -22.593958812328964
000330.pid, person, 10.956653799329493, -18.551179340907513, -3.502414873668126, 0.4249902069568634, 147.27599859936015
000331.pid, person, 10.997896138359524, -18.452496360330024, -3.5049921204062073, 0.3532477617263794, 149.39418047394855
000332.pid, person, 10.979120953877775, -18.42916107177735, -3.5265382289886475, 0.5661056041717529, 137.88786445879495
000333.pid, person, 10.964146834153402, -18.399830011221084, -3.495782888852633, 0.6196014285087585, 155.1530311266813
000334.pid, person, 11.00168909345355, -18.346053804670067, -3.502585700580052, 0.3414779007434845, 150.07714558523017
000335.pid, person, 11.020877031179584, -18.343382028433, -3.544758466573862, 0.5343371629714966, 141.61341495983788
000336.pid, person, 11.035783547621516, -18.302215429452755, -3.5113362715794496, 0.4871254861354828, 144.26427630094958
000337.pid, person, 11.044005320622377, -18.23765681340145, -3.4787383996523342, 0.604919970035553, 155.91398180375103
000338.pid, person, 11.123171746730812, -18.174362540245063, -3.479686915874481, 0.6674035787582397, 149.09057524058778
000339.pid, person, 11.131241607666023, -18.139849853515628, -3.48310136795044, 0.6804125308990479, 153.3564287198212
000340.pid, person, 11.149274126688645, -18.09407717386882, -3.4752463340759276, 0.7102524042129517, 151.08722843556487
000341.pid, person, 11.139770030975347, -18.03250420093537, -3.4822406470775604, 0.7101994752883911, -121.21561102539627
000342.pid, person, 11.17084587944879, -17.961597866482208, -3.4843263626098633, 0.7316455245018005, -113.66438013266253
000343.pid, person, 11.136619377136238, -17.952268600463874, -3.4645686467488606, 0.6934932470321655, 167.24765476356586
000344.pid, person, 11.201444962445432, -17.816390766816987, -3.463017323437859, 0.6153426170349121, 64.60008464466522
000345.pid, person, 11.166569762759742, -17.76933606465658, -3.448629299799601, 0.6737995147705078, 35.077798774497104
000346.pid, person, 11.17192250490189, -17.71956527233124, -3.4471132308244705, 0.730274498462677, -147.09404820439153
000347.pid, person, 11.165932454560936, -17.674139725534545, -3.447655200958252, 0.7272262573242188, -142.57487361629813
000348.pid, person, 11.191195487976081, -17.61895516339471, -3.4439771736369416, 0.7901463508605957, 32.71524954805883
000349.pid, person, 11.181917720370826, -17.551018079121913, -3.4468250672022505, 0.78245609998703, -136.51415359971824
000350.pid, person, 11.229671309976023, -17.45224436591654, -3.4249400391298184, 0.7279806137084961, -133.71488687800272
000351.pid, person, 11.24414017995199, -17.407047017415373, -3.419416999816895, 0.5161775946617126, 32.91930235426539
000352.pid, person, 11.263763248920448, -17.29141294956208, -3.372368916869164, 0.5638424158096313, -160.39697270505062
000353.pid, person, 11.261926054954534, -17.249705314636238, -3.4150919318199158, 0.5839282870292664, -117.07892654987751
000354.pid, person, 11.236924098088197, -17.177150139441867, -3.418826414988591, 0.5613791942596436, 35.79442952394232
000356.pid, person, 11.254690647125251, -16.983830332756046, -3.496916890144348, 0.4418671727180481, 64.30588493610004
000357.pid, person, 11.248769078935904, -16.953305925641747, -3.5205250126974925, 0.6296917796134949, 71.08376770835926
000358.pid, person, 11.221301225515521, -16.93404021629921, -3.477969884872437, 0.7014205455780029, 68.05366873581362
000359.pid, person, 11.224636895315994, -16.862620217459547, -3.4494965927941466, 0.6865310668945312, 58.96233569775827
000360.pid, person, 11.212778772626612, -16.757781846182695, -3.563568506922041, 0.6984798908233643, -121.7303827157942
000361.pid, person, 11.217482439676928, -16.6648058573405, -3.48003724416097, 0.7009934782981873, -115.5729309986454
000362.pid, person, 11.22118218739828, -16.619785054524744, -3.5394082705179857, 0.6981462240219116, -98.89841809724007
000363.pid, person, 11.226431113023033, -16.538951286902805, -3.538827877778274, 0.7071896195411682, -59.448111975461025
000363.pid, person, 6.128213087717701, -9.241917292277028, -4.221631844838461, 0.3116118907928467, -134.53138169761047
000364.pid, person, 11.214048092181875, -16.48663021967962, -3.560344072488638, 0.7629521489143372, -106.70431602605387
000365.pid, person, 6.158787727355964, -9.170064290364591, -4.206270535786947, 0.7825585603713989, 41.87517821933022
000365.pid, person, 11.186821256365103, -16.44782311575754, -3.522939528737749, 0.738344132900238, 122.90189835471061
000366.pid, person, 6.12156216303508, -9.265742301940923, -4.225733280181885, 0.7608097791671753, -123.71129679719002
000366.pid, person, 11.169761021931976, -16.38464533487956, -3.5112794717152918, 0.7455294728279114, 113.37461310921525
000367.pid, person, 11.127156130472827, -16.323513031005866, -3.593468364079793, 0.730872631072998, 139.94495626982726
000367.pid, person, 6.153820196787521, -9.36992009480795, -4.226772785186768, 0.4375697672367096, -107.0928968723459
000368.pid, person, 11.084448754787452, -16.2600349187851, -3.553662464022637, 0.8068503141403198, -39.25998907489225
000368.pid, person, 6.2014929056167665, -9.451674938201911, -4.221450209617615, 0.5123518705368042, -83.96447246344255
000369.pid, person, 11.071488043841198, -16.175156986012183, -3.5906363795785343, 0.779215931892395, -26.2647178614813
000369.pid, person, 6.231140931447356, -9.51973851521811, -4.219745000203451, 0.46653202176094055, -89.42910691747457
000370.pid, person, 11.04556860242572, -16.096023150852755, -3.6083078384399414, 0.80914306640625, -153.38120320978777
000371.pid, person, 11.086247622966772, -16.039436161518104, -3.608795776963234, 0.8084600567817688, -160.06454948602305
000371.pid, person, 6.242177009582527, -9.582272529602061, -4.222704887390137, 0.6638357043266296, -84.02893439752563
000372.pid, person, 11.081833712259936, -16.00792032877605, -3.5900293350219727, 0.8030166029930115, -122.21640919508829
000373.pid, person, 11.029306352138525, -15.92427724599839, -3.6246062815189366, 0.7897696495056152, -145.5528458512515
000374.pid, person, 11.033249686746043, -15.875050825231222, -3.6112276806550874, 0.8066970705986023, -134.48166276789667
000375.pid, person, 11.04724299907685, -15.755526602268226, -3.5494760423898697, 0.8150596618652344, 177.0174774653443
000376.pid, person, 11.012636884053558, -15.71505031585694, -3.6096463203430176, 0.833610475063324, 137.57968235334465
000377.pid, person, 11.022023986367625, -15.673913675196037, -3.5860851792728203, 0.8425137996673584, 128.67731456998365
000377.pid, person, 6.115398248036709, -10.039460500081391, -4.300881862640381, 0.7192628979682922, -71.00713479898934
000378.pid, person, 10.990148723125465, -15.61317157745362, -3.6184709072113033, 0.749841034412384, 147.56302336054415
000379.pid, person, 10.966009889330191, -15.537088871002206, -3.6671849148614073, 0.7899674773216248, -29.726231399942023
000380.pid, person, 10.980035708500797, -15.478838773874145, -3.700242354319646, 0.7473074793815613, 132.1532033508991
000381.pid, person, 10.93261666731402, -15.347451643510306, -3.633841731331565, 0.8422130346298218, -166.450527736254
000382.pid, person, 10.921606472560345, -15.308312756674638, -3.5877734082085744, 0.8246024250984192, -116.20251347928001
000382.pid, person, 6.179685831069953, -10.359349489212045, -4.313017845153809, 0.8188795447349548, 113.23827960045557
000383.pid, person, 10.914993422372008, -15.22589131764004, -3.558056507791792, 0.8587541580200195, -113.76097828662998
000383.pid, person, 6.115589046478279, -10.431315040588387, -4.337228298187256, 0.7998998165130615, 74.36914006398042
000384.pid, person, 10.896996634347104, -15.17706571306502, -3.600748130253383, 0.8430740833282471, -126.32391721279333
000384.pid, person, 6.1424504518509, -10.475599050521861, -4.3339544534683245, 0.7962872385978699, 62.12434476787781
000385.pid, person, 10.880003316061844, -15.101750510079528, -3.5501817635127475, 0.8336964845657349, 56.26760164958017
000385.pid, person, 6.110612256186357, -10.567419597080784, -4.35111141204834, 0.7703463435173035, 83.52777337191647
000386.pid, person, 10.849905747633724, -15.019640922546396, -3.56596932044396, 0.733977735042572, 30.44178037518232
000386.pid, person, 6.1377493858337475, -10.620479202270516, -4.34858455657959, 0.6635770201683044, 83.62089990440704
000387.pid, person, 10.857701388272382, -14.964869499206554, -3.541784156452526, 0.8094398975372314, 69.63394654112278
000387.pid, person, 6.193807874407095, -10.622193745204388, -4.333385126931327, 0.7205241322517395, -107.69614521784388
000388.pid, person, 10.859116727655593, -14.889388951388282, -3.5281950560483066, 0.8025213479995728, 62.1471569264113
000388.pid, person, 6.211763245718827, -10.688328334263405, -4.33454840523856, 0.5074783563613892, -92.17915585516133
000389.pid, person, 10.830955652090228, -14.823868017930257, -3.5931564661172724, 0.7756170630455017, 80.21497483535535
000389.pid, person, 6.233705929347456, -10.747234480721618, -4.333950860159738, 0.6282714605331421, -107.81620929821165
000390.pid, person, 10.820994290438573, -14.701321255077026, -3.513917272741145, 0.7857744097709656, 77.95077153694865
000390.pid, person, 6.229321777820595, -10.856511712074292, -4.345112204551697, 0.39751556515693665, -100.34604315819868
000391.pid, person, 10.74148359298707, -14.657541179656993, -3.5204943418502808, 0.7778011560440063, 66.74495576974846
000391.pid, person, 6.285004207066133, -10.780873434884215, -4.323007856096541, 0.45897847414016724, 70.02635665148424
000392.pid, person, 10.725392580032358, -14.572657267252614, -3.509525696436565, 0.6776577830314636, -126.24805901508574
000392.pid, person, 6.302314826420383, -10.851449693952295, -4.324735505240304, 0.45306113362312317, 76.2604646961154
000393.pid, person, 10.681837876637786, -14.518935362497972, -3.5046345790227256, 0.7944823503494263, 60.17070210083795
000393.pid, person, 6.292112636566169, -10.874513435363781, -4.32965259552002, 0.6302424669265747, 97.6608171304133
000394.pid, person, 10.644004454979536, -14.469830219562246, -3.4972079900594863, 0.8262771964073181, 26.414087895792616
000394.pid, person, 6.305505116780605, -10.970568656921396, -4.3348008791605634, 0.7122518420219421, -84.41733359475754
000395.pid, person, 10.676393508911142, -14.372025394439708, -3.57785325050354, 0.7975758910179138, -146.72428816555248
000396.pid, person, 10.621691703796396, -14.298862218856817, -3.488959670066834, 0.7806705832481384, 5.672387178450219
000397.pid, person, 10.62225564320883, -14.22899802525839, -3.4874667127927146, 0.7695477604866028, -132.39916788472672
000397.pid, person, 6.171264012654627, -11.316406885782888, -3.6083559989929213, 0.7404831647872925, 1.4971011125096272
000398.pid, person, 10.586670981513139, -14.142209582858627, -3.476940208011203, 0.7827048301696777, -144.1167547614178
000398.pid, person, 6.174283742904669, -11.381218433380138, -3.6247103214263916, 0.685214638710022, 0.18168060683191398
000399.pid, person, 10.581058242104278, -14.11803236874668, -3.46535400910811, 0.7866309881210327, 179.3416329138544
000399.pid, person, 6.1371333599090665, -11.448291778564462, -3.6363021135330196, 0.7035259008407593, 7.492706083155464
000400.pid, person, 10.49514190967267, -14.02852593935454, -3.4675815839033866, 0.8108592629432678, -150.70501994029658
000400.pid, person, 6.094239155451464, -11.504826068878186, -3.644658923149109, 0.775475800037384, -162.63626769046112
000401.pid, person, 10.492044969038535, -13.986689394170599, -3.4586916620081127, 0.7663254737854004, -159.2121741536402
000401.pid, person, 6.161989007677358, -11.574463980538516, -3.873500789914812, 0.7630280256271362, -4.861941743519678
000402.pid, person, 6.157704734802254, -11.633069229125988, -3.818114757537842, 0.7201089262962341, -4.824969353252957
000402.pid, person, 10.42153297771108, -13.930611263621948, -3.453420552340421, 0.6660346984863281, -161.70902771481016
000403.pid, person, 6.159829807281502, -11.674005317687998, -3.9574595928192147, 0.7248927354812622, 2.513315345580419
000403.pid, person, 10.3667929172516, -13.894954601923635, -3.4536359906196594, 0.7030346393585205, 15.707283791121133
000404.pid, person, 6.14789843559266, -11.706515669822704, -3.9449514448642735, 0.726330578327179, -7.650121896595955
000404.pid, person, 10.418640136718759, -13.812229009775022, -3.4441105219034047, 0.716289222240448, -143.81043357746466
000405.pid, person, 10.356854375203456, -13.762866910298673, -3.5124313831329346, 0.6824613213539124, -147.17656700947137
000405.pid, person, 6.194097995758065, -11.735663652420056, -4.036467909812928, 0.6368699073791504, 172.2874050102208
000406.pid, person, 10.338803631918779, -13.697788306644993, -3.430402789797102, 0.7685866355895996, -173.3498839211433
000406.pid, person, 6.379348158836371, -11.808434486389169, -4.389839053153992, 0.5656408667564392, 83.26116784381504
000407.pid, person, 10.351287988516008, -13.63723351405218, -3.4273732625521154, 0.7080175280570984, -152.23369855260137
000407.pid, person, 6.397864103317269, -11.864116668701183, -4.38973069190979, 0.42703360319137573, 75.89200316875889
000408.pid, person, 10.353499846024956, -13.585839705033747, -3.427705027840354, 0.6902678608894348, -154.13808793609826
000408.pid, person, 6.203762463160932, -11.812335286821646, -4.106934956141881, 0.529231071472168, 58.88952719555626
000409.pid, person, 10.33638660724347, -13.497262074397169, -3.4144486097189097, 0.7541391253471375, -141.97553212384085
000409.pid, person, 6.164700508117684, -11.860825114780013, -4.027647177378337, 0.6446150541305542, 60.093236190560425
000410.pid, person, 10.320893033345548, -13.441101773579923, -3.402117411295573, 0.7457516193389893, -155.9777619489184
000410.pid, person, 6.184134864807137, -11.88813934326173, -4.001920175552369, 0.6231495141983032, 52.94431717044545
000411.pid, person, 10.300644874572761, -13.355287969112403, -3.3824668675661087, 0.8057318329811096, -165.21680753446574
000411.pid, person, 6.1394590271843885, -11.877449777391234, -4.042104932996962, 0.7041942477226257, 72.76084648038578
000412.pid, person, 10.288282775878912, -13.277025222778327, -3.3751354694366453, 0.6913076043128967, -166.29926634999904
000412.pid, person, 5.334489067395537, -13.450613021850595, -4.005148212114971, 0.5011652708053589, -111.5270714240132
000413.pid, person, 10.244350569588804, -13.238739762987418, -3.3805116585322788, 0.5897877812385559, -162.88893495781986
000413.pid, person, 4.864099979400642, -14.34566879272462, -3.8132373988628387, 0.582952618598938, -110.87642768786608
000414.pid, person, 10.19368787912223, -13.203188749460082, -3.386762068821834, 0.7603962421417236, 179.72795635436202
000414.pid, person, 5.018137761524754, -14.076048442295631, -3.8185557637895866, 0.39453500509262085, -110.95686535165538
000415.pid, person, 10.205105917794368, -13.119044916970397, -3.3749949080603465, 0.785757839679718, -152.62276945052878
000415.pid, person, 5.006197452545174, -14.139166014535101, -3.8330097879682263, 0.4452821910381317, -111.35743041729364
000416.pid, person, 10.15113487243653, -13.120398807525643, -3.3877376556396483, 0.7270104885101318, 174.989347777044
000416.pid, person, 4.270706295967111, -15.492588520050056, -3.840907663106919, 0.45637819170951843, 61.578635797521045
000417.pid, person, 10.181845426559457, -13.013995091120409, -3.3674833973248806, 0.7415568828582764, -161.36791376384664
000417.pid, person, 4.703176157815124, -14.740787506103525, -3.935394525527954, 0.5646108984947205, 61.6694019366915
000418.pid, person, 10.206344763437913, -12.93304689725241, -3.3678712248802185, 0.7452561259269714, 24.113079297456967
000418.pid, person, 4.516417066256214, -15.119455814361586, -4.054839650789897, 0.7105051279067993, 60.663081296234054
000419.pid, person, 4.578026145696649, -14.99165678024293, -3.84472280740738, 0.6150554418563843, 61.201654764946426
000419.pid, person, 10.24201464653016, -12.854529698689788, -3.3465859889984135, 0.6073809862136841, 178.56848768168373
000420.pid, person, 4.658532449177342, -14.882952690124524, -3.8689905575343544, 0.6488295197486877, 60.79834860565878
000420.pid, person, 10.186183636005115, -12.782730029179508, -3.327455667349009, 0.49064531922340393, -163.29049197622456
000421.pid, person, 10.181769609451301, -12.710418860117604, -3.3250845273335776, 0.7072993516921997, 177.6281351046762
000421.pid, person, 5.1519470512867045, -14.120017409324657, -3.888463228940964, 0.4319709539413452, -113.71453750043324
000422.pid, person, 10.161257880074645, -12.674460411071786, -3.3305294684001376, 0.710465133190155, 8.695010874396612
000422.pid, person, 4.97368319829306, -14.452361530727822, -3.8989364306132006, 0.5447144508361816, -114.38794989699085
000423.pid, person, 10.176721832968981, -12.58663914420389, -3.3249218030409384, 0.7050538659095764, 158.9625800601356
000423.pid, person, 5.002364669527334, -14.501421792166584, -3.923964023590088, 0.6537367701530457, -115.04320484220096
000424.pid, person, 10.11497592926026, -12.507798767089854, -3.3254330158233643, 0.7156065702438354, 159.9465621464695
000424.pid, person, 4.517940044403084, -15.308537642161063, -3.8746751149495444, 0.6592727899551392, 58.881516714108294
000425.pid, person, 5.166923427581797, -14.282903289794934, -3.9051520347595208, 0.4090137481689453, -115.06521658171434
000425.pid, person, 10.069596290588386, -12.44639387997715, -3.3350468548861416, 0.35773351788520813, 2.644873527614405
000426.pid, person, 10.05956901203503, -12.396746375344025, -3.3311336907473486, 0.5526614785194397, 26.730371816566397
000426.pid, person, 3.860292752583829, -16.393950144449878, -3.797559976577759, 0.3706132173538208, 83.8312843154834
000427.pid, person, 10.04237547787754, -12.309513438831685, -3.3213225711475727, 0.6517336368560791, 132.57936520929024
000427.pid, person, 3.6889558633168615, -16.663451512654632, -3.8548222382863364, 0.3223738372325897, -118.62884143648972
000428.pid, person, 10.016818740151153, -12.248306447809403, -3.317733504555443, 0.7657604217529297, 2.6216927911674732
000429.pid, person, 10.070946407318123, -12.180933475494395, -3.3031760692596444, 0.7569907903671265, 85.24709334269863
000430.pid, person, 10.097760547291154, -12.120835564353255, -3.3082148378545595, 0.6400074362754822, -117.5477750956463
000431.pid, person, 10.054581737518317, -12.034080791473402, -3.31665198802948, 0.6351665258407593, -137.7364997818097
000432.pid, person, 10.055811119079596, -11.979964351654061, -3.3183457612991334, 0.7105295658111572, -131.99651732451878
000433.pid, person, 10.044912974039722, -11.949739668104392, -3.343561198976305, 0.7127494812011719, -144.89134247331538
000434.pid, person, 9.998946598597943, -11.862643514360713, -3.4026206902095253, 0.6541044116020203, -143.18315545254765
000435.pid, person, 10.01200532913209, -11.773464838663749, -3.3903317848841343, 0.6258574724197388, -128.7193289113487
000436.pid, person, 9.937276840209966, -11.697604588099901, -3.5495993069240024, 0.6979468464851379, -127.12650315976313
000437.pid, person, 9.926794242858893, -11.64007396697999, -3.6046721458435065, 0.6660435199737549, -133.62503719971903
000438.pid, person, 9.942957687377938, -11.623600959777843, -3.3948835849761965, 0.7435697913169861, -132.32764675787638
000438.pid, motorcycle, 6.05264329910279, -13.895215670267751, -3.86206038792928, 0.6330323815345764, 66.30781648112196
000439.pid, person, 9.939428170522062, -11.487055778503427, -3.553691029548645, 0.6863091588020325, -114.52938919920447
000439.pid, person, 6.1512286398145966, -13.714047643873437, -3.560355716281467, 0.3942558169364929, -106.51192798661131
000440.pid, person, 9.925324916839608, -11.453672885894788, -3.3830851713816337, 0.5495043992996216, -135.7495801757839
000440.pid, person, 6.103998047964922, -13.899949891226644, -3.747769832611084, 0.4881036579608917, 64.67605703680002
000441.pid, person, 6.110717296600349, -13.951722553798145, -3.7582118851797923, 0.6793439984321594, 64.40696387852722
000441.pid, person, 9.937561353047696, -11.359799861907968, -3.5418808857599893, 0.6644927859306335, -127.26639314106728
000442.pid, person, 9.92741661071778, -11.301104545593272, -3.367455768585206, 0.7767326831817627, -131.14891859808085
000442.pid, person, 6.083360777960893, -14.074881129794662, -3.89754139052497, 0.671613872051239, 65.12171121547973
000443.pid, person, 9.927445729573575, -11.208449681599944, -3.5299366712570195, 0.7981562614440918, -123.87977071882679
000443.pid, person, 5.990068626403819, -14.27924022674562, -4.0966620445251465, 0.6174156665802002, 62.82379712079384
000443.pid, person, 6.273586273193369, -13.429282506306976, -2.9645090103149427, 0.3855566382408142, 29.570163933382446
000444.pid, person, 9.900386969248462, -11.155066172281911, -3.3604875405629477, 0.5951166749000549, -129.87438010188117
000444.pid, person, 6.006356103079668, -14.184217589242127, -3.973385913031442, 0.5588170289993286, 64.83379415345732
000444.pid, person, 6.109181563059498, -13.50751272837322, -3.00965682665507, 0.36178725957870483, -161.8351119292549
000445.pid, person, 9.840124766031908, -11.125042597452811, -3.546747605005901, 0.6856496334075928, 44.17336428187353
000445.pid, person, 5.989352975572866, -14.164173943655843, -3.9673916612352644, 0.5986722111701965, 60.97309862172736
000445.pid, person, 6.189671230316169, -13.556033706665051, -2.980512189865113, 0.40807288885116577, -144.31918888784875
000446.pid, person, 5.863845825195321, -14.502368927001964, -4.379251837730408, 0.6495730876922607, 65.58418144413105
000446.pid, person, 9.774928092956552, -11.042660168239058, -3.384319748197283, 0.6043059825897217, -141.76309658809868
000447.pid, person, 5.852399826049812, -14.503624098641543, -4.378365925380163, 0.6605566143989563, -111.83887556259953
000447.pid, person, 6.142026185989388, -13.688270727793387, -3.0130846897761026, 0.37861502170562744, -76.47896611653715
000447.pid, person, 9.790131568908697, -10.959134896596282, -3.3717685937881474, 0.3448365330696106, -131.60080369781898
000448.pid, person, 5.826646149158485, -14.554289340972915, -4.388821601867677, 0.5961809158325195, -113.60131940041819
000448.pid, person, 9.724182946341386, -10.918055261884428, -3.3860781192779545, 0.5069363117218018, -139.6923544437872
000448.pid, person, 6.121749798456835, -13.73906453450522, -3.022711237271627, 0.3601760268211365, 66.11506035123433
000449.pid, person, 9.688488165537523, -10.882929007212331, -3.3925679127375292, 0.6895145177841187, -141.93138889904105
000449.pid, person, 5.813230574131019, -14.617710232734693, -4.403917849063873, 0.6469987034797668, -113.96324281804121
000450.pid, person, 9.624706677028117, -10.829620770045697, -3.405055284500122, 0.7093005776405334, -147.53760462463472
000450.pid, person, 5.84185104370118, -14.557971954345714, -4.3912748336792, 0.48549187183380127, -10.435841159591586
000451.pid, person, 9.664482934134355, -10.724748611450204, -3.5341131687164307, 0.6211561560630798, -134.73132328350096
000451.pid, person, 5.794713894526171, -14.715102036794038, -4.42732604344686, 0.4638046324253082, -121.96199063305548
000452.pid, person, 9.648305075509215, -10.637489591326041, -3.5302094732012064, 0.5930513143539429, -136.29630660343489
000452.pid, person, 6.640691041946422, -13.738830327987683, -4.191606640815735, 0.5062170624732971, 48.04150717953796
000453.pid, person, 9.59893158503942, -10.587850161961159, -3.3880481379372727, 0.6417060494422913, -141.89392882493982
000453.pid, person, 5.74213111400605, -14.749058961868297, -4.430740594863892, 0.5648912787437439, -6.541502894141695
000454.pid, person, 6.923575719197597, -13.42173989613852, -4.119515895843506, 0.5867123603820801, 49.29304050217862
000454.pid, person, 9.654730796813972, -10.486352920532235, -3.362200975418091, 0.5790770649909973, -127.32341718526129
000454.pid, person, 6.105599800745654, -14.149353981018075, -3.2881891330083213, 0.3428601324558258, 168.44319394586032
000455.pid, person, 6.915226663861964, -13.338553973606663, -3.7602677004677916, 0.585397481918335, 49.24348237924783
000455.pid, person, 9.644988632202155, -10.435687255859381, -3.5720385551452645, 0.5137614011764526, -126.46003330735974
000455.pid, person, 6.01667022705079, -14.206472587585461, -3.5778264522552496, 0.32329559326171875, -163.65040642052102
000456.pid, person, 7.772865772247323, -12.402399301528941, -3.2801100015640263, 0.6178627014160156, 50.32729575156567
000456.pid, person, 9.639749908447273, -10.340860557556159, -3.351696729660034, 0.5364128947257996, 54.01656238994952
000456.pid, person, 6.016076469421392, -14.276743125915539, -3.5947078704833992, 0.3181987702846527, -146.21479810201436
000457.pid, person, 7.432746410369881, -12.749018260410866, -3.6151915958949496, 0.6111930012702942, 49.553039336804765
000457.pid, person, 9.658000946044929, -10.208480834960945, -3.3331205844879155, 0.4082908034324646, 62.92147906122737
000458.pid, person, 5.962059089115695, -14.533883639744362, -3.8600215230669304, 0.7098871469497681, -134.57367088692527
000458.pid, person, 9.524470170338956, -10.228902339935315, -3.372694253921509, 0.5809097290039062, -133.4721352555958
000458.pid, person, 6.0648717880249094, -14.350438435872407, -3.1159114837646484, 0.33148565888404846, -139.84565452394077
000459.pid, person, 9.50764226913453, -10.130143483479829, -3.3673861424128213, 0.5361127257347107, 49.666840241195395
000459.pid, person, 5.955794143676767, -14.519861221313487, -3.8908928394317632, 0.5330312848091125, 26.8569560536326
000460.pid, person, 9.485801124572763, -10.08396129608155, -3.368842220306397, 0.4301370680332184, 51.72932242152155
000460.pid, person, 5.966916859149941, -14.529374718666089, -3.6128991544246674, 0.38949519395828247, -149.14806416100498
000461.pid, person, 5.97850966453553, -14.546933412551892, -3.7715297639369973, 0.7454826235771179, -149.59364104377514
000461.pid, person, 5.9291170438130765, -14.497502326965341, -3.1326468785603847, 0.5113050937652588, -119.11324583942354
000461.pid, person, 9.471394062042243, -9.972749551137296, -3.434640566507976, 0.4794865846633911, -114.94525677179976
000462.pid, person, 9.416402626037605, -9.969790649414069, -3.376722812652588, 0.6170920729637146, -130.47808777037096
000462.pid, person, 5.9972502163478385, -14.56002984728133, -3.1488492488861084, 0.5080022215843201, -26.91649519371866
000462.pid, person, 5.837089856465664, -14.621973037719735, -4.407377401987712, 0.39785170555114746, 2.2820565697717665
000463.pid, person, 9.408279418945321, -9.840169634137842, -3.423458031245641, 0.5447710156440735, -121.033308098818
000463.pid, person, 5.98696434497834, -14.5992330312729, -3.153971076011658, 0.46562179923057556, -19.86651496471451
000463.pid, person, 5.865188956260688, -14.614469051361095, -4.408365845680238, 0.39380326867103577, 3.1248253497990963
000464.pid, person, 5.975281238555916, -14.656144823346827, -3.70577267238072, 0.5644177198410034, 177.0585512069036
000464.pid, person, 9.42799549102784, -9.769573783874522, -3.3529625415802, 0.4771053194999695, 49.56258636199179
000464.pid, person, 5.877359008789069, -14.599924659729016, -3.147760915756227, 0.43431827425956726, 16.41286302208945
000465.pid, person, 5.95266431570054, -14.688833117485059, -3.1684108674526215, 0.35582879185676575, -27.885753359518645
000465.pid, person, 9.412661743164069, -9.657929229736336, -3.5642691612243653, 0.34987741708755493, -111.2170966909512
000466.pid, person, 6.115100860595711, -14.828770319620778, -3.191269795099895, 0.37857580184936523, -95.68765794669775
000466.pid, person, 9.383583641052253, -9.610935592651376, -3.5680266857147216, 0.30190786719322205, 56.94436094489193
000467.pid, person, 9.389470863342291, -9.553943252563487, -3.5602603435516356, 0.5492720007896423, 57.650811848900325
000467.pid, person, 6.078732728958139, -14.87582826614381, -3.2010704874992375, 0.49779847264289856, -109.05161409942662
000468.pid, person, 9.327435016632085, -9.545291264851896, -3.5405185619990043, 0.6153146624565125, -125.6466985754835
000468.pid, person, 5.920183944702156, -14.84989995956422, -3.1913499832153325, 0.4758383631706238, 166.25841243958467
000469.pid, person, 9.300723870595304, -9.50052785873414, -3.5434167782465624, 0.5374447703361511, -127.74675191594346
000469.pid, person, 5.925046920776374, -14.930222988128673, -3.2039207220077524, 0.4338251054286957, 156.08358803544215
000470.pid, person, 9.284298658370979, -9.404759645462047, -3.3559308052062993, 0.5093237161636353, 55.02649843221523
000470.pid, person, 6.064352416992195, -15.057502937316903, -3.227139329910279, 0.4072645604610443, -101.07598095459181
000470.pid, bicycle, 5.787351131439217, -14.898464626736123, -3.4792521529727516, 0.3353360891342163, 10.971869366508917
000471.pid, person, 9.254102325439458, -9.386320686340339, -3.362539529800416, 0.4923332929611206, 50.498431498000414
000471.pid, person, 5.916571270335812, -15.021483334628028, -3.2189373753287582, 0.3792804479598999, 157.09016218537658
000472.pid, person, 5.882626914978037, -15.056418609619149, -3.2265328407287597, 0.4351278245449066, -3.2969678752584937
000472.pid, person, 9.211982345581061, -9.388240623474129, -3.3746358871459963, 0.3737414479255676, -133.10776567932191
000473.pid, person, 9.24264017740886, -9.301227410634366, -3.5409562985102334, 0.5128552913665771, -123.55933120840461
000473.pid, person, 5.844749093055732, -15.113084157307952, -3.2414844632148743, 0.48983034491539, 177.2011288800384
000474.pid, person, 9.210362275441495, -9.276246070861825, -3.548207004865011, 0.5835029482841492, -121.9690153844756
000474.pid, person, 6.013749790191659, -15.247547340393078, -3.2538104534149177, 0.5234856009483337, -112.21983333709201
000475.pid, person, 9.220056125095919, -9.206826618739544, -3.550398758479527, 0.6974846720695496, -117.42338776801327
000475.pid, person, 5.997647166252145, -15.29457998275758, -3.2634430527687073, 0.4501241445541382, 61.919933729332925
000476.pid, person, 9.1985673904419, -9.146488870893213, -3.4295534746987477, 0.747787356376648, -131.0407287177521
000476.pid, person, 5.930852413177497, -15.379098415374767, -3.2780900597572327, 0.49837321043014526, -118.0497956921219
000477.pid, person, 9.177848100662235, -9.099561214447029, -3.440990000963211, 0.8045903444290161, -107.76400716351117
000477.pid, person, 5.9046309789021905, -15.431728363037124, -3.288773139317831, 0.5870900750160217, -120.47577163454207
000478.pid, person, 9.23077239990235, -9.063337326049812, -3.607327604293823, 0.8183585405349731, -120.83432708739142
000478.pid, person, 5.877584457397468, -15.419280290603648, -3.2955065965652466, 0.6250261068344116, -112.16260801685223
000479.pid, person, 9.205267906188974, -9.057596070425861, -3.5336562224796846, 0.7629382014274597, -119.82126006110249
000479.pid, person, 5.793565511703501, -15.551929235458385, -3.3236254453659066, 0.6462717652320862, -126.97596380397829
000480.pid, person, 5.804901599884041, -15.525821113586437, -3.31789813041687, 0.6512317061424255, 62.62530979409898
000480.pid, person, 9.230726718902595, -8.990202744801847, -3.3736904064814257, 0.5363184809684753, -120.54403178522497
000481.pid, person, 5.581066975226776, -15.521672102121215, -3.3098623018998365, 0.43991902470588684, 7.884695965371146
000481.pid, person, 9.18618281682333, -8.971483230590827, -3.3798405726750693, 0.4040418863296509, -124.32781212501081
000482.pid, person, 5.762491703033454, -15.612618605295829, -3.333568572998047, 0.695984423160553, -111.32538551347164
000482.pid, person, 9.178823709487922, -8.958999872207649, -3.339435338973999, 0.35294246673583984, -130.2312653552262
000483.pid, person, 9.18624114990235, -8.857877159118662, -3.3757386207580566, 0.6819654703140259, -117.85921266715476
000483.pid, person, 5.720552580697206, -15.670291083199649, -3.343278271811349, 0.679620623588562, -108.92355011919693
000484.pid, person, 5.711768865585334, -15.733016133308423, -3.355781465768814, 0.6272553205490112, -119.89835750580173
000484.pid, person, 9.170563697814949, -8.804716825485237, -3.3838346004486084, 0.418913871049881, -114.07357226674523
000485.pid, person, 5.792708601270411, -15.865685054234104, -3.37892154284886, 0.6762635111808777, -50.13057368204048
000485.pid, person, 5.486458778381356, -15.700534608629024, -3.3332850933074956, 0.36255156993865967, -117.76878949163319
000486.pid, person, 5.698391172620994, -15.800574514600978, -3.362311310238308, 0.6657533645629883, -114.01450186255488
000486.pid, bicycle, 5.458609240395689, -15.730215208871035, -3.330183676310948, 0.43390581011772156, -124.33203572376385
000487.pid, person, 5.730352163314826, -15.808425545692455, -3.357454210519791, 0.7084816098213196, -101.47851133875247
000487.pid, bicycle, 5.450759410858162, -15.790445736476366, -3.3410541330065047, 0.36898261308670044, -119.87847911933298
000488.pid, person, 5.700630505879726, -15.849985758463552, -3.3661627504560685, 0.7592313885688782, -104.89906926505654
000488.pid, person, 9.194891293843595, -8.575827916463224, -3.2946232954661046, 0.6757335662841797, 53.683476144926836
000488.pid, bicycle, 5.450815813882018, -15.856210708618173, -3.3534936564309255, 0.4118719696998596, -115.78869798438285
000489.pid, person, 5.636408329010019, -15.92132282257081, -3.3732687693375807, 0.7471663355827332, -113.35378524315036
000489.pid, person, 9.145653486251838, -8.569941520690925, -3.307995855808258, 0.5644679069519043, -127.36971992860987
000489.pid, bicycle, 5.459065079689033, -15.844927787780772, -3.351840674877167, 0.49662110209465027, -128.65224630815956
000490.pid, person, 9.164704640706388, -8.525616010030118, -3.2979067961374917, 0.751013457775116, 57.774653502174935
000490.pid, person, 5.644551753997811, -16.08989942073823, -3.4054736495018005, 0.6365454792976379, 65.68255988129734
000490.pid, bicycle, 5.483279334174271, -15.935681978861503, -3.3706896569993763, 0.5589421391487122, -116.73992229442447
000491.pid, person, 5.6294390360514415, -16.13836171891955, -3.412990172704061, 0.5866966247558594, -103.42358327187983
000491.pid, bicycle, 5.459783673286447, -16.014543771743785, -3.384101927280427, 0.5017266273498535, -113.58971871167361
000492.pid, person, 5.59843655994961, -16.21537808009557, -3.427141904830933, 0.6508129239082336, 74.11161322949916
000493.pid, person, 5.598195075988778, -16.256740093231212, -3.4310013949871063, 0.684380292892456, 81.39684933268356
000494.pid, person, 5.602884020124171, -16.378250122070323, -3.4413184097834995, 0.34309011697769165, -87.64647602476182
000494.pid, bicycle, 5.461439064570844, -16.096525192260753, -3.3996651853833884, 0.5407443642616272, -126.64896135059024
000495.pid, person, 5.627464635031572, -16.346830912998755, -3.4333909239087785, 0.3882656395435333, 86.71997087060124
000495.pid, bicycle, 5.496440955570773, -16.1094823564802, -3.4043719768524174, 0.5152148604393005, -130.66331931451992
000496.pid, person, 5.6475228667259305, -16.346221208572395, -3.4288332164287576, 0.4871220588684082, 91.32377852819738
000496.pid, bicycle, 5.482207202911385, -16.176105880737314, -3.4160494327545172, 0.4980340003967285, -119.88357385693095
000497.pid, person, 5.66277183805194, -16.358758926391612, -3.4255662986210416, 0.3623611330986023, -74.89440072586507
000497.pid, bicycle, 5.485982418060311, -16.224155426025398, -3.42538458108902, 0.4966331124305725, 59.54901121994501
000498.pid, bicycle, 5.65659246444703, -16.330579948425303, -3.424473738670349, 0.49777159094810486, -75.02278910011879
000499.pid, bicycle, 5.716369199752816, -16.358905601501473, -3.423850440979004, 0.5229032635688782, -72.95615054993996
000500.pid, person, 5.683675765991218, -16.2436191558838, -3.430882215499879, 0.5566446185112, -124.21259521293845
000500.pid, person, 5.861655235290536, -16.55760803222657, -3.4049518585205085, 0.420390784740448, -85.57770241029849
000501.pid, person, 5.731610655784614, -16.22651958465577, -3.425213813781739, 0.5314766764640808, -115.53776698898525
000501.pid, person, 5.954377746582038, -16.57397460937501, -3.4444301605224616, 0.3916480243206024, 100.96438825628495
000502.pid, person, 5.739720153808603, -16.236321640014662, -3.4314143657684335, 0.43808817863464355, -113.66463869484818
000502.pid, person, 5.984734807695669, -16.48973628452847, -3.437133380344936, 0.32706841826438904, 115.45528659854175
000503.pid, person, 5.7757606506347745, -16.266142654418953, -3.4378817081451416, 0.41010457277297974, -105.67645028399747
000503.pid, person, 6.054887115955361, -16.51371479034425, -3.439849346876145, 0.3758789598941803, 114.67043945223332
000504.pid, person, 5.798154711723335, -16.310104846954353, -3.462058544158935, 0.3853808343410492, -101.68748870718255
000504.pid, person, 6.095432281494149, -16.48185920715333, -3.4404492718832835, 0.3717877268791199, -55.998207478692194
000505.pid, person, 6.144650724199091, -16.53098042805991, -3.4365766048431396, 0.3963383734226227, 135.04149519684532
000506.pid, person, 6.1585545539856055, -16.476258850097665, -3.4327220916748056, 0.42420661449432373, 139.56330125163427
000507.pid, person, 6.2157630920410245, -16.484915924072276, -3.429042911529541, 0.3558926582336426, 139.08967213628642
000508.pid, bicycle, 6.346905469894417, -16.50167155265809, -3.414611965417862, 0.3613922894001007, -54.16881032717227
000509.pid, person, 6.362667242685962, -16.443571514553504, -3.4144190947214765, 0.529123067855835, 135.69289122111869
000510.pid, person, 6.403049993515021, -16.399022674560555, -3.4157372951507567, 0.5747010111808777, 124.39579346491702
000511.pid, person, 6.414704084396372, -16.321239662170417, -3.40160038471222, 0.47567012906074524, -40.756706540555534
000512.pid, person, 6.542884588241583, -16.328289349873874, -3.378650585810344, 0.3925948143005371, 96.45896536821577
