000013.pid, person, 22.3743584950765, -8.070968574947786, -3.1107360521952314, 0.8462761044502258, -132.7327604946715
000013.pid, car, 22.39488802458111, -8.045387017099484, -3.0761804078754618, 0.7462495565414429, 36.929463539343885
000014.pid, person, 22.37937708461986, -8.022865842370427, -3.1092807194765877, 0.8976312279701233, -134.6110389430904
000015.pid, person, 22.293104934692387, -7.99100015163422, -3.0791564702987673, 0.8961194157600403, 71.7306948462275
000015.pid, car, 22.334689430568528, -7.967136756233547, -3.119944178539773, 0.8641514182090759, 41.91987806596464
000016.pid, person, 22.28711219060989, -7.951535906110495, -3.0802213010333834, 0.8957515954971313, 80.8733979581201
000016.pid, car, 22.343461990356445, -7.917367483440201, -3.0599184914639115, 0.8663010597229004, -135.70169213190948
000017.pid, person, 22.229367017745975, -7.937342733144765, -3.0899781584739685, 0.6796581149101257, 86.93666188425948
000018.pid, person, 22.227585340801042, -7.890678054408026, -3.10150146484375, 0.8664218783378601, 80.65272898477394
000018.pid, car, 22.264907836914062, -7.868490517139439, -3.123940825462341, 0.8178825974464417, -139.1371933598587
000019.pid, person, 22.181810021400455, -7.835407167673116, -3.0318443030118942, 0.8152981996536255, 92.8678964441097
000019.pid, car, 22.24639792191355, -7.807131441015949, -3.110339277669002, 0.8511512279510498, -147.9383892818654
000020.pid, person, 22.16083564758301, -7.80263528823853, -3.0686575253804524, 0.8536137938499451, 79.29206349161848
000021.pid, person, 22.09414126078288, -7.765192699432377, -2.976618909835816, 0.8689648509025574, -154.2964769706616
000022.pid, person, 22.045927320207873, -7.718170404434209, -2.991062249456133, 0.852541446685791, 18.180133296658468
000022.pid, car, 22.13865442276001, -7.68796591758728, -3.153272414207458, 0.8238069415092468, 21.66499565973185
000023.pid, person, 22.055612468719485, -7.682140302658086, -3.097964382171631, 0.8582693338394165, -168.74538475904063
000024.pid, person, 22.000590165456142, -7.635547300179803, -3.0521451830863953, 0.8424509167671204, -162.74377420779877
000024.pid, car, 22.06361961364746, -7.60016405582428, -3.093782772620519, 0.7581497430801392, 17.591679883854212
000025.pid, person, 21.96942164681175, -7.59197347814387, -2.961948546496305, 0.855211079120636, -171.73664257056015
000026.pid, person, 21.97313742204146, -7.557037721980705, -3.094274726780978, 0.8590260744094849, 167.53948845194768
000027.pid, person, 21.90858328342438, -7.543789565563206, -3.0422793477773666, 0.6555290818214417, 177.00597400777943
000028.pid, person, 21.90493751974667, -7.496565650491157, -3.1484809903537525, 0.8541886806488037, 164.207825307812
000029.pid, person, 21.84143988291423, -7.461066365242009, -3.121700644493103, 0.8618078231811523, 145.05461803944485
000030.pid, person, 21.814050154252488, -7.400956023823136, -3.164153315804221, 0.8913481831550598, -34.18715110647038
000031.pid, person, 21.791464372114703, -7.351653835990219, -3.1879885196685795, 0.8159880042076111, -43.27913986435758
000031.pid, car, 21.9809072585333, -7.260547161102298, -3.0611909911746062, 0.5502442121505737, 21.018580771867697
000032.pid, person, 21.788348356882736, -7.28147939840953, -3.1940905253092446, 0.866850733757019, 110.29878566082877
000032.pid, car, 21.96966846172626, -7.2285807132720965, -3.1346560258131757, 0.8718966245651245, 17.512240177102214
000033.pid, person, 21.764812257554798, -7.239141464233405, -3.1426772276560464, 0.8577014207839966, 65.31417767502941
000033.pid, car, 21.966490449576547, -7.1985496981390575, -3.0455347916175572, 0.8688640594482422, 12.106800898309505
000034.pid, person, 21.782127141952518, -7.191392689943318, -3.180375382304192, 0.8966448307037354, -92.62665182196184
000034.pid, car, 21.961484416838616, -7.141895094225483, -3.136042541073214, 0.8550351858139038, 11.781285449925711
000035.pid, person, 21.74469990200467, -7.161737918853766, -3.1625507672627773, 0.7235841751098633, 84.53225080204308
000035.pid, car, 21.96016830444336, -7.0964906120300295, -3.1149841117858874, 0.8084688186645508, 19.57958772034119
000036.pid, person, 21.753675460815433, -7.103475689888007, -3.1872522433598838, 0.8471107482910156, 85.22657552476926
000036.pid, car, 21.94852358500163, -7.059913428624473, -3.067747855186462, 0.8236417174339294, -161.1382583908888
000037.pid, person, 21.766698428562712, -7.057540927614492, -3.1657038927078247, 0.8361618518829346, -155.85685440125945
000037.pid, car, 21.91122970581055, -7.022976684570317, -3.128124618530273, 0.8405515551567078, 17.422059764284008
000038.pid, person, 21.750030790056506, -6.99615757805961, -3.1613272598811557, 0.8655771613121033, -151.23688611379416
000038.pid, car, 21.919035099170827, -6.963059266408284, -3.12873155982406, 0.5478465557098389, -165.66922496591667
000039.pid, person, 21.71251542227609, -6.929471867425106, -3.174366440091815, 0.7890149354934692, -160.94714041309288
000039.pid, car, 21.87759052004133, -6.891219581876484, -3.121005696909768, 0.8492292165756226, 13.38579965768595
000040.pid, person, 21.655039567213798, -6.866942552419814, -3.1254757551046524, 0.866651177406311, 169.62371069853927
000040.pid, car, 21.863270623343332, -6.832416074616568, -3.1569601893424983, 0.8487501740455627, -162.23050982232073
000041.pid, person, 21.568388366699224, -6.777986145019537, -3.1225858211517337, 0.828513503074646, 134.51241819417783
000041.pid, car, 21.81694617638221, -6.79131918687087, -3.075658559799194, 0.8558205962181091, -172.27146046516725
000042.pid, person, 21.622271810259143, -6.761583157948089, -3.126693453107561, 0.5127365589141846, -40.5934904677727
000042.pid, car, 21.79017020716812, -6.733976797624067, -3.1387013377565323, 0.8432356119155884, 8.297977740248555
000043.pid, person, 21.590257991443984, -6.7174617593938715, -3.150615757161921, 0.7485982775688171, -35.30201176183741
000043.pid, car, 21.541514192308703, -5.824519241561319, -3.271956937653677, 0.8708747625350952, 105.21939823972002
000044.pid, person, 21.611780762672428, -6.672871321439748, -3.177214235067368, 0.8608255386352539, -25.61283958328635
000044.pid, car, 21.74332837705259, -6.643124668686478, -3.131635913142451, 0.8682213425636292, 9.17943002196778
000045.pid, person, 21.565130074818935, -6.626053015391039, -3.1509192983309435, 0.837350070476532, -23.553074898874307
000045.pid, car, 21.73359251022339, -6.593379000822708, -3.1455733875433594, 0.778611958026886, 10.656123729200614
000046.pid, person, 21.537278705173073, -6.557452095879456, -3.130164305369059, 0.8559509515762329, 164.83267322100338
000047.pid, person, 21.559241808377784, -6.506175151238079, -3.2604317298302283, 0.8779998421669006, 152.85126473120988
000047.pid, car, 21.73415107727051, -6.451657342910769, -3.1826152324676507, 0.8693678975105286, -159.63187251450512
000048.pid, person, 21.51043558120728, -6.445350348949439, -3.2218660414218907, 0.8937047719955444, 177.29878321965163
000048.pid, car, 21.71868606567383, -6.39288793563843, -3.152186317443847, 0.8703188300132751, -159.57723294020607
000049.pid, person, 21.518158912658695, -6.383044719696051, -3.3468182086944585, 0.887957751750946, -121.30132978909177
000049.pid, car, 21.681353449821476, -6.13055953383446, -3.3343298435211177, 0.8645474314689636, 101.25733128255648
000050.pid, person, 21.498692921229775, -6.325744765145444, -3.317255292619978, 0.8595679402351379, -146.4474609716153
000050.pid, car, 21.714016313906072, -6.262108184673168, -3.148783374715734, 0.86382657289505, -158.24119976189726
000051.pid, person, 21.46864073617118, -6.28108269827707, -3.279991013663156, 0.7526278495788574, 84.12075265875684
000051.pid, car, 21.64331615672392, -6.022889782400692, -3.259970314362469, 0.8733582496643066, 100.0375998536668
000052.pid, person, 21.45385142735073, -6.230864388602128, -3.2649807248796736, 0.7661871910095215, -106.37627022332052
000052.pid, car, 21.666386231132176, -6.155019138170328, -3.1677808035974913, 0.8723581433296204, 19.915408182502592
000053.pid, person, 21.423190010918514, -6.181991577148444, -3.1941204335954456, 0.8869775533676147, 128.97338322210007
000053.pid, car, 21.611194510208936, -5.94355357320685, -3.2745456068139323, 0.8611885905265808, 100.01210581508967
000054.pid, person, 21.423983573913578, -6.1311289072036805, -3.19749665260315, 0.8771215677261353, -104.97207885437265
000054.pid, car, 21.647713899612427, -6.03267502784729, -3.2198255658149715, 0.8527539372444153, -152.95666477621296
000055.pid, person, 21.404698445246773, -6.0196447739234396, -3.19170198073754, 0.8721028566360474, 170.08170725326843
000055.pid, car, 21.575797748565677, -5.930418276786806, -3.106696140766143, 0.8394450545310974, -170.09238412419325
000056.pid, person, 21.384494781494144, -5.951975488662726, -3.14840955734253, 0.8749036192893982, -172.5760236671834
000057.pid, person, 21.3688586308406, -5.857710434840281, -3.1088764484112086, 0.8844798803329468, 134.46208939597682
000057.pid, car, 21.519819471571182, -5.786952151192562, -3.1288781298531414, 0.5164017081260681, 165.66114704315595
000058.pid, person, 21.312709808349613, -5.81429805755616, -3.1775334596633913, 0.7801564335823059, 163.91429474708139
000058.pid, car, 21.508487939834595, -5.771587689717613, -3.11014249920845, 0.8148095011711121, 179.14194479255968
000059.pid, person, 21.263433456420902, -5.74372471703424, -3.176237291759915, 0.6018970608711243, 144.38129115200604
000059.pid, car, 21.307802359263103, -4.9719175093341645, -3.2973173459370924, 0.8201665282249451, 104.40574438506498
000060.pid, person, 21.239407730102542, -5.690035247802741, -3.2059062480926515, 0.7602887153625488, -33.707204903374866
000060.pid, car, 21.488096691313245, -5.649131207239063, -3.142782665434338, 0.8502481579780579, 177.35794669092076
000061.pid, person, 21.194843292236335, -5.604641723632818, -3.1278262615203865, 0.5338895916938782, -49.04492277485118
000061.pid, car, 21.50449598403204, -5.578868911379861, -3.1219862188611707, 0.8620933294296265, 178.15666379293512
000062.pid, person, 21.21379216512045, -5.557064533233649, -3.1979776223500576, 0.6683107614517212, -50.447504030087416
000062.pid, car, 21.494433553595293, -5.493008789263274, -3.137441120649638, 0.8523713946342468, 179.54309707114115
000063.pid, person, 21.246678161621098, -5.544979286193854, -3.2764839649200446, 0.6905450820922852, 140.25762337915634
000063.pid, car, 21.485424223400297, -5.455696832566037, -3.1763602779025115, 0.8618651628494263, -161.33302226186333
000064.pid, person, 21.255166769027714, -5.4624951481819215, -3.195786774158478, 0.8369885683059692, -152.7405720777367
000064.pid, car, 21.490869970882642, -5.404638262356034, -3.1452873734866866, 0.8683162331581116, -162.88352332661336
000065.pid, person, 21.28176922268338, -5.415565967559821, -3.263633886973063, 0.8059510588645935, -138.28429947364737
000065.pid, car, 21.49809345446135, -5.3316180831507625, -3.087871852673982, 0.8699333667755127, -165.64394098529718
000066.pid, person, 21.263482502528603, -5.321536677224302, -3.3054085459027975, 0.8687353134155273, 79.25398693370079
000066.pid, car, 21.496520927974156, -5.286904317992074, -3.1578985112054, 0.8444712162017822, -168.41577395918563
000067.pid, person, 21.223622083663944, -5.268658161163336, -3.160031467676163, 0.8258131146430969, 140.50477031773275
000067.pid, car, 21.47506753603618, -5.228876928488416, -3.125750909248987, 0.8436921834945679, 175.27085103454658
000068.pid, person, 21.253550211588546, -5.252743721008308, -3.2289072275161743, 0.8348931670188904, 98.1658177761454
000068.pid, car, 21.486208542533543, -5.186075604480249, -3.1636432357456368, 0.8341911435127258, 179.7425160489402
000069.pid, person, 21.273680278233122, -5.2104697908674025, -3.230384996959142, 0.8467416763305664, -81.02803997309488
000069.pid, car, 21.468610763549805, -5.164572556813558, -3.082830101251601, 0.8455652594566345, 4.817768712247176
000070.pid, person, 21.225752353668216, -5.125019609928137, -3.2145686745643616, 0.8708307147026062, 147.19612283807234
000070.pid, car, 21.438708263894785, -5.0871444163115145, -3.109934889751931, 0.8269045948982239, 164.97684897159272
000071.pid, person, 21.217158998761864, -5.016372748783662, -3.2019817488534117, 0.8649858832359314, 103.80535699933321
000071.pid, car, 21.400057848762064, -5.004824217628031, -3.119762616999008, 0.8531391024589539, -6.010303178609192
000072.pid, person, 21.216292381286625, -5.010246992111212, -3.1666101614634194, 0.7337965965270996, -41.298856206106315
000072.pid, car, 21.404579015878532, -4.964795075930083, -3.09004862491901, 0.871367335319519, 4.147121088815968
000073.pid, person, 21.211207707722988, -4.962843577067062, -3.3318609396616625, 0.6846196055412292, 107.63032012316171
000073.pid, person, 21.425167083740238, -4.897954781850181, -3.122963839107089, 0.32599008083343506, 168.22655968722285
000074.pid, person, 21.196657562255865, -4.913408946990973, -3.265940284729004, 0.365094393491745, 140.26063698668491
000075.pid, person, 21.115362167358402, -4.769797643025721, -3.18192211786906, 0.7728532552719116, 122.39437935228456
000075.pid, car, 21.212982397813064, -4.3368720412254325, -3.196598942463214, 0.8483296036720276, 108.80840935529784
000076.pid, person, 21.198449611663825, -4.830843329429632, -3.4507954120635986, 0.8449397087097168, 107.37793358068093
000076.pid, car, 21.368788219633558, -4.7196715899876205, -3.2313923268091105, 0.8749102354049683, 162.07479007310462
000077.pid, person, 21.073844273885097, -4.613980929056808, -3.1482133070627856, 0.7591320276260376, 116.62718885156947
000077.pid, car, 21.378360384986518, -4.642905553181966, -3.211976630347115, 0.8638831973075867, 143.9022466003732
000078.pid, person, 21.190795898437507, -4.72761456171672, -3.4076565106709804, 0.4672311246395111, -66.53650136313448
000079.pid, person, 21.361768016108766, -4.529734929402669, -3.232160400461267, 0.41334268450737, -15.618791143940609
000080.pid, person, 21.390528332103383, -4.467034968462861, -3.118719296021894, 0.3875143229961395, -4.726292803804064
000081.pid, person, 21.351941058510228, -4.30196435827958, -3.2350805433172916, 0.37651559710502625, 115.66633278201527
000083.pid, car, 21.115603100169793, -3.596865355968478, -3.287277243354103, 0.8095544576644897, 114.08861404565747
000084.pid, car, 21.03135410944621, -3.4603730707118925, -3.344181795914967, 0.7406433820724487, 112.84507883973642
000085.pid, person, 21.029548199971522, -3.421919418374699, -3.382043107350667, 0.3187297582626343, 112.62422177298596
000086.pid, car, 21.05643153190613, -3.4348206371068977, -3.2896073460578914, 0.8586524128913879, 113.08051858373481
000087.pid, car, 20.86038523453933, -2.932187627141294, -3.5002932456823492, 0.8597213625907898, 113.06752834501745
000088.pid, person, 21.097702662150073, -4.007323821385707, -3.341009855270387, 0.8398687243461609, -78.1006625343013
000088.pid, car, 20.91183892885844, -3.025539033114914, -3.4446685413519536, 0.8486201167106628, 113.29670305551036
000089.pid, person, 21.025605519612636, -3.8311073780059863, -3.276524464289347, 0.8406984210014343, 116.38419400173603
000089.pid, car, 21.017309824625652, -3.2110027939909056, -3.4167642196019488, 0.834503710269928, 113.09542017307537
000090.pid, car, 20.948824031932933, -3.0134497619158522, -3.439864435711422, 0.7105405330657959, 113.66254736703509
000091.pid, car, 20.97685168771183, -3.0104329053531695, -3.456461864359238, 0.856116533279419, 114.82219894607614
000092.pid, car, 20.856481194496155, -2.615156357409434, -3.4650067612528797, 0.8708916902542114, 114.13862105520637
000093.pid, car, 21.015199813842774, -2.8267148298025147, -3.3431175041198724, 0.8570042848587036, 114.89454272514917
000094.pid, person, 21.083738835652674, -2.958691692476474, -3.349678977330525, 0.32633674144744873, 116.23447306428267
000095.pid, person, 20.95810472048246, -2.6999454827835954, -3.5219981670379634, 0.3180495798587799, 114.94234528270448
000096.pid, car, 20.931109619140624, -2.647303133209549, -3.55253259340922, 0.8290465474128723, 116.83701576135165
000097.pid, person, 20.93164166537198, -2.5296267413280256, -3.5390974825078785, 0.42410266399383545, 116.49542745582936
000098.pid, person, 20.964920533009064, -2.517072464028997, -3.5283266642154785, 0.32213205099105835, 116.92538070773843
000099.pid, car, 21.069021821022034, -2.785022842348554, -3.442396275699138, 0.7668405175209045, 117.31188043068376
000100.pid, car, 20.898155403137206, -2.4105311713491866, -3.5074627796808873, 0.8115543723106384, 115.74252804200331
000101.pid, person, 21.1064131119672, -2.8476518357501353, -3.447668047512278, 0.30016016960144043, 114.66230878999359
000102.pid, car, 20.980924333844865, -2.533607080578805, -3.476971455982753, 0.8237021565437317, 117.88188673381627
000103.pid, car, 20.870948545394405, -2.2871318329726527, -3.5741991150763717, 0.7954942584037781, 117.32475618348188
000104.pid, person, 20.930011749267578, -2.316396310750862, -3.5119786188006397, 0.4178994596004486, 118.08885281665177
000105.pid, person, 20.93331597646078, -2.3479931950569184, -3.474297420183817, 0.42965754866600037, 117.64379797441426
000106.pid, person, 20.78431739807129, -2.0549188017845164, -3.612631956736246, 0.3994985520839691, 118.51209811101414
000107.pid, person, 20.928854449041957, -2.1733755005587807, -3.5214596616810763, 0.3685625195503235, 117.44647840625812
000108.pid, car, 20.637348447527206, -1.831175255633538, -3.704910312380109, 0.8535193204879761, -58.78042031416822
000109.pid, person, 21.023100747002495, -2.284473305499114, -3.4617501364813905, 0.3018178343772888, 121.12938010901948
000110.pid, person, 20.766881635112146, -1.8453402072191247, -3.624446261313653, 0.43707194924354553, 121.01672707168643
000111.pid, person, 20.824606120586395, -1.9375568365212557, -3.5710207074880596, 0.4585326910018921, 121.77139897210675
000112.pid, person, 20.747695241655624, -1.7821978410439858, -3.6191959381103507, 0.4044107496738434, 119.42462958747194
000113.pid, person, 20.950043925532594, -2.1305911694135973, -3.4071221793139417, 0.3384752869606018, 122.31492925010782
000114.pid, person, 20.820170334407265, -1.9403670621769804, -3.5356391327721726, 0.37198105454444885, 121.31369270028337
000115.pid, person, 20.79889043172201, -1.883761113716498, -3.5540799741391775, 0.3345206379890442, 120.2547248080715
000116.pid, person, 20.689867734909058, -1.725946342572572, -3.5707592442631717, 0.30602437257766724, 118.35263304668578
000117.pid, car, 20.781643676757817, -1.8898179179855792, -3.4817165034157886, 0.8285608887672424, 118.42226867352831
000118.pid, car, 20.688526246605853, -1.8062629581588092, -3.5573523626094903, 0.853902280330658, 119.04963014061104
000119.pid, person, 20.82300806045533, -2.4226360321044975, -3.329755187034608, 0.7137408256530762, 179.88444740987487
000119.pid, car, 20.737945079803467, -1.8882474867360968, -3.4809583340372354, 0.8616805076599121, 120.1324921172098
000120.pid, person, 20.83247327804566, -2.4185252189636275, -3.21111810207367, 0.8148157596588135, 110.22629949805672
000120.pid, car, 20.665543735027313, -1.7512364311842266, -3.531942635774612, 0.8471842408180237, 119.24966619375913
000121.pid, person, 20.758218383789067, -2.3239779949188284, -3.174555253982544, 0.8450399041175842, -43.332722023638425
000121.pid, car, 20.67459290822347, -1.7773834039767589, -3.491779629389445, 0.8563323020935059, 119.99782071819716
000122.pid, car, 20.604175209999084, -1.636605910025538, -3.625047549605369, 0.8675215244293213, 119.2096795215278
000123.pid, person, 20.700907248037836, -1.7701674523866855, -3.5149851904975034, 0.30855122208595276, 120.52472114778062
000124.pid, car, 20.522182984785605, -1.4708338488972834, -3.693382140361901, 0.7765284776687622, 118.70796984113761
000125.pid, car, 20.471824645996097, -1.3800810876374094, -3.7597672939300533, 0.8195602297782898, 119.54627997580465
000126.pid, car, 20.633164570249363, -1.5645867118547736, -3.583959110851945, 0.804435670375824, 123.02017866271645
000127.pid, car, 20.485976832253595, -1.306131042872691, -3.710047900676727, 0.826138436794281, 120.33045815728181
000128.pid, car, 20.603647397912066, -1.5079885552758756, -3.5865019819010855, 0.8599516153335571, 122.77254987407004
000129.pid, car, 20.553122456868493, -1.3905380507310245, -3.649412870407104, 0.8418354988098145, 122.27966277052893
000130.pid, car, 20.44185881181197, -1.1758978082375124, -3.7426193627444175, 0.8519203066825867, 122.89532044135822
000131.pid, car, 20.552130762736002, -1.3734299051264927, -3.570582238833109, 0.76398766040802, 119.62803555036066
000132.pid, car, 20.546889305114746, -1.3952913087393597, -3.5506567955017085, 0.8520212173461914, 124.14574989194223
000133.pid, car, 20.449650093361182, -1.2307253002568543, -3.6694412584658016, 0.8204450607299805, 119.85946123992802
000134.pid, car, 20.561199481670677, -1.350082376542004, -3.4699648618698116, 0.8298773765563965, 121.76547414319448
000135.pid, car, 20.37275791168213, -1.0735656852484716, -3.6546311676502223, 0.8651050329208374, 119.29530272114577
000136.pid, car, 20.447525863647463, -1.2104954153299388, -3.6048708915710446, 0.862937331199646, 122.3072727122278
000137.pid, car, 20.478934288024906, -1.1612524775167348, -3.6547245780626922, 0.8500411510467529, 124.19321732625563
000138.pid, car, 20.39994701586272, -1.0373187045517742, -3.7387694936049605, 0.6827772259712219, 120.64638946676072
000139.pid, person, 20.35739372253418, -1.0315810823440574, -3.815664548873901, 0.3105258047580719, 120.00816380720349
000140.pid, person, 20.387052038441535, -0.936703771028834, -3.793629998746125, 0.3281177580356598, 122.8099812782445
000141.pid, car, 20.37745523452759, -0.9148526802659027, -3.7514050126075738, 0.6040836572647095, 120.72872835625687
000142.pid, person, 20.39708805084229, -1.0021258162764441, -3.7847941747078524, 0.3012043833732605, 122.95486993377042
000143.pid, car, 20.423099317048727, -0.9520369950485864, -3.7121497078945755, 0.6311265230178833, 129.957523521698
000144.pid, car, 20.358469088872276, -0.9226020239293599, -3.84514166911443, 0.6758921146392822, 123.96370767786216
000145.pid, car, 20.46209326244536, -1.0236487090587656, -3.6717166332971476, 0.6433650851249695, 126.41933451910371
000146.pid, car, 20.358691624232705, -0.8261120369037033, -3.8499697162991477, 0.6066074967384338, 119.94162688350238
000147.pid, car, 20.497342014312746, -0.9979831427335796, -3.608615791797637, 0.6543652415275574, 129.94852256744187
000148.pid, car, 20.39278962877062, -0.9185694273975176, -3.8098112344741812, 0.6769694685935974, 126.63127111827674
000149.pid, car, 20.35838569294323, -0.8633280596272538, -3.8579953150315713, 0.8155287504196167, 119.33678734205193
000151.pid, car, 20.295631514655224, -0.7607030831277434, -3.8818461762534247, 0.7122255563735962, 118.41291057640036
000152.pid, car, 20.265711738949733, -0.7155128087671058, -3.9456845919291164, 0.8126336336135864, 116.57831612289733
000153.pid, car, 20.26587194554946, -0.7584273631081887, -3.8634819984436026, 0.762610912322998, 114.11186772281403
000154.pid, car, 20.27585822657535, -0.6318829036072688, -3.8778425392351643, 0.8057273030281067, 113.33743337946962
000155.pid, car, 20.275711154937746, -0.7221691891551039, -3.9043249487876883, 0.7690417170524597, 113.44764662802535
000156.pid, car, 20.28192306967343, -0.6497367060921327, -3.881473218693452, 0.6915269494056702, -68.52276662332736
000157.pid, car, 20.305656539069286, -0.683217533346681, -3.874502009815638, 0.8241729140281677, 110.95141643962367
000158.pid, car, 20.335764104669746, -0.5990000327371757, -3.8599987897005943, 0.8056020140647888, -64.82914753702778
000159.pid, car, 20.268923950195315, -0.5340399168431794, -3.879722297191619, 0.8227746486663818, -59.49941684382275
000160.pid, car, 20.25907887910542, -0.5080156385114364, -3.8247719438452457, 0.7875914573669434, -57.14982538703994
000161.pid, car, 20.271536375346937, -0.6969608770389351, -3.990319590819509, 0.7304610013961792, 99.76807763219571
000163.pid, car, 20.29573143853082, -0.5520200955991967, -3.8730198542277012, 0.5189743638038635, -65.85925833185371
000164.pid, person, 20.350333387201484, -0.49164963826875924, -3.7950576218691734, 0.40377336740493774, -75.00988798223375
000165.pid, person, 20.294314635427373, -0.49273638544898435, -3.8987492260180012, 0.3214453160762787, -71.80366205045655
000166.pid, car, 20.29944674173991, -0.44957664445974227, -3.850578884283701, 0.744223415851593, -74.35751654407568
000167.pid, person, 20.363666057586673, -0.43155844938010335, -3.781359684467315, 0.3769057095050812, -83.60753678490758
000167.pid, person, 9.677147388458257, 26.78555742899577, -4.493729829788206, 0.3000328838825226, -96.30104655876085
000168.pid, person, 20.2933944902922, -0.43733852797825534, -3.853642363297311, 0.42291781306266785, -77.44350248039171
000169.pid, person, 20.348464965820312, -0.4389247972285366, -3.7421054095029826, 0.3167513906955719, -84.65259106207759
000170.pid, car, 20.368689727783206, -0.22532534673810384, -3.638312641779581, 0.7188119888305664, -115.6094095734313
000171.pid, person, 10.159966826438911, 24.67726492881775, -4.152024626731872, 0.3223608732223511, 104.02007736044627
000171.pid, car, 20.236032485961914, -0.3179826072993753, -3.8775260902586433, 0.6741055250167847, -77.51900982873119
000172.pid, car, 20.37710707528251, -0.21089899473425078, -3.6244555711746207, 0.7456618547439575, -117.70955248709666
000173.pid, car, 20.19236432589018, -0.3207950385717289, -3.8407406073350163, 0.681908130645752, -69.69755514806562
000174.pid, car, 20.2912161900447, -0.5235501053528177, -3.8834217695089484, 0.6286866068840027, -85.847455335017
000175.pid, car, 20.278958108690052, -0.41801650739378715, -3.879653851191202, 0.7028317451477051, -84.30692046230331
000176.pid, person, 12.018299102783208, 17.08326473236084, -4.339767742156981, 0.3449501097202301, -64.34917423763477
000177.pid, person, 10.777141050858935, -3.043741182847458, -3.2288536808707486, 0.3018651008605957, -10.477379013356504
000177.pid, car, 20.230382537841802, -0.3900216788053579, -3.807608524958292, 0.7195521593093872, -83.15867394486196
000178.pid, person, 11.644771999782993, 16.54185761345757, -4.046117623647053, 0.33164361119270325, 96.93538859586006
000178.pid, car, 20.32075917720795, -0.41681928467005847, -3.816389545798301, 0.7683624625205994, -90.46550366751165
000179.pid, person, 12.101337346163666, 14.831285043196242, -3.96518832987005, 0.34759971499443054, -71.94374915723961
000179.pid, car, 20.1803594827652, -0.3321335804648706, -3.9761442691087714, 0.7833571434020996, -81.69777894582279
000181.pid, person, 20.221372695196244, -0.31151552782172587, -3.981149060385567, 0.3176896870136261, -87.4227116578441
000182.pid, person, 20.335767745971683, -0.14970004227426792, -3.8275086614820686, 0.31205976009368896, -92.26818317535981
000184.pid, person, 20.41211685767541, 0.059224513287722186, -3.7366666243626505, 0.38905125856399536, -109.2738750823919
000185.pid, person, 20.34159298946983, -0.044520517713145205, -3.825800945884302, 0.3822283446788788, -93.38503571169005
000186.pid, person, 20.460023641586307, 0.22605046816170216, -3.585919588804244, 0.3017447888851166, -107.50021418121625
000188.pid, car, 20.36542028539321, 0.32745712776394287, -3.5741470982046675, 0.7679738998413086, -102.34594146936533
000189.pid, person, 20.47039616107941, 0.03581141494214091, -3.6716280430555335, 0.3466562330722809, -95.84777120101384
000190.pid, car, 20.319896425519676, 0.2580458548452122, -3.5752986839839385, 0.7120989561080933, -100.37764747063943
000191.pid, person, 20.34129028320313, -0.11865134239196777, -3.8274672667185454, 0.3918210566043854, -93.51103691383193
000192.pid, person, 20.36707195482756, 0.1720790019945072, -3.6629311912938163, 0.450033962726593, -95.37519728310232
000192.pid, car, 15.206545224265449, -2.7233532902503788, -3.617136035646711, 0.5762854218482971, 97.03758441922588
000193.pid, person, 20.42749416828156, 0.4435132802464059, -3.5478088408708564, 0.38890817761421204, -105.03533531656745
000193.pid, car, 15.265211871692115, -3.6923858698989673, -3.586673302309854, 0.5378877520561218, 105.68126662486893
000195.pid, person, 20.47420632839203, 0.48963617673143744, -3.476073995232582, 0.3452513813972473, -107.04124399004661
000196.pid, person, 20.419426472981776, 0.05492195387681041, -3.7185956796010324, 0.3395217955112457, -94.64887417931595
000197.pid, person, 10.794721523920702, -3.0498025417327903, -3.218503673871357, 0.49529749155044556, -16.502313344548586
000197.pid, person, 20.51179157603871, 0.5678326264023768, -3.5291244550184757, 0.3740914762020111, -109.29813980212828
000198.pid, person, 20.583537546793618, 0.6036381175120653, -3.5165557543436683, 0.32198411226272583, -104.86990120355838
000199.pid, person, 20.543629169464115, 0.6567987923820778, -3.4554268717765795, 0.3661486804485321, -108.46672696138987
000200.pid, person, 20.645101865132652, 0.5646018932263009, -3.522208154201507, 0.328569620847702, -102.53208264963973
000201.pid, person, 20.670120557149254, 0.8009052549799284, -3.420438309510548, 0.310549795627594, -103.57127482155781
000207.pid, person, 20.618123626708986, 1.135279361406962, -3.371883646647135, 0.49388056993484497, -92.65622545460664
000208.pid, person, 20.692295913696295, 1.3762072515487649, -3.1329388904571527, 0.36322882771492004, 1.796485307228885
000209.pid, person, 20.62931619371687, 1.1636471024581323, -3.2968658379146025, 0.36728912591934204, -92.92542148052169
000209.pid, person, 16.419900678819225, -23.582113358282275, -3.3529510228864603, 0.3632452189922333, 93.65295446293668
000210.pid, car, 16.122193145751957, -23.360906124114994, -3.385258436203003, 0.8196508288383484, -102.7566485183267
000210.pid, car, 20.53523296780057, 1.3391486803690593, -3.239980273776583, 0.7137550115585327, -123.8858640093616
000211.pid, person, 20.66402525650828, 1.514441094900431, -3.161070384477314, 0.34112629294395447, 5.824428818797567
000211.pid, car, 16.692549843719043, -25.489084326702617, -3.530647530071977, 0.8430312871932983, -94.9247308489609
000212.pid, person, 20.660212226535965, 1.5582727142002253, -3.1821070754009733, 0.38761472702026367, 0.2723553557148337
000212.pid, car, 16.682404881900123, -27.334240372647947, -3.4902192735180413, 0.7245743274688721, -82.7074991923817
000213.pid, person, 10.508327802022306, -4.021002054214485, -3.8615517616271973, 0.704474687576294, -89.93744068043046
000213.pid, person, 20.608548863728846, 1.1673867265383373, -3.4030899683634432, 0.33871448040008545, -91.83173984214955
000213.pid, car, 16.600679570056023, -28.80293233343896, -3.4837717223674693, 0.729145884513855, -82.96180177243886
000214.pid, car, 16.3230613561777, -30.59922281901042, -3.3572735603039083, 0.7378044128417969, -76.2207238943169
000215.pid, person, 20.683241081237792, 1.7181688964366906, -3.137460696697235, 0.3681660592556, -168.5268438538867
000215.pid, car, 16.279129123687753, -31.963779195149744, -3.256018042564392, 0.5216726064682007, -83.64573902547906
000216.pid, car, 16.08329238891602, -33.058401053292414, -3.3990793636866976, 0.5631871223449707, -77.14147456279963
000217.pid, person, 16.292947784066204, -35.032676875591285, -3.418777149170637, 0.35376617312431335, 92.5475810911158
000217.pid, person, 20.621696472167972, 1.4092525518857515, -3.3447763919830313, 0.33026400208473206, -91.75598816910636
000218.pid, person, 16.231273378644673, -36.25650569370816, -3.389442089625767, 0.3336704671382904, 91.23072015425785
000218.pid, car, 15.004892158508309, -34.42456715901694, -3.0805560270945236, 0.65058833360672, -86.72691444878848
000219.pid, car, 15.986866125419965, -37.18398535429542, -3.399049534726499, 0.7043107151985168, 97.20782089918438
000220.pid, person, 16.09571280045943, -38.50294196388939, -3.370300427350131, 0.3226955533027649, -79.11415222204417
000220.pid, car, 15.946978267870454, -39.23865965793007, -2.9814474833639033, 0.5880814790725708, 101.21558995043695
000220.pid, car, 14.879009648373264, -37.120159550717005, -3.1167069736279935, 0.51841139793396, -88.70285717279049
000221.pid, car, 15.27563602784101, -38.68682838888729, -3.256653063437517, 0.5724120140075684, -77.05599206348373
000222.pid, person, 15.860195159912115, -41.20716881265446, -3.3099037384500307, 0.332151859998703, -77.7082850902598
000222.pid, car, 15.811807445451327, -41.054656832825906, -3.3230366052365765, 0.622837245464325, -75.2337837962476
000222.pid, car, 18.463846065379954, -41.46304674501772, -3.1320023183469408, 0.5412221550941467, -80.627378734736
000223.pid, person, 20.57198222478231, 1.6415596952040978, -3.3346676627794896, 0.3585328161716461, -89.88390321894593
000223.pid, car, 18.979933261871345, -40.73338346481324, -3.11270409822464, 0.5976818203926086, -79.85252449648519
000223.pid, car, 15.263672510782879, -41.17210235595703, -3.0878004233042398, 0.5621252059936523, -78.67969649311516
000224.pid, person, 20.655373073759534, 2.160855168388002, -3.1501690433138885, 0.4055353105068207, 171.8867527160977
000224.pid, car, 19.15127094932225, -39.737025551174, -3.2120856098506763, 0.5218835473060608, -84.21899005891393
000236.pid, person, 20.596391004674576, 2.7810677500332117, -3.0699481683618877, 0.35419371724128723, -1.8502802827671552
000236.pid, person, 13.87688549359641, -58.29016145070395, -2.904131650924682, 0.31293827295303345, -92.00427806222277
000237.pid, person, 20.602157152616066, 2.8002022046309207, -3.0635824020092297, 0.3276723325252533, 174.85216177835025
000239.pid, person, 20.58115990956625, 2.900810241699214, -2.921257217725117, 0.3434050977230072, -171.157656914048
000240.pid, person, 20.594066347394676, 2.975546632494244, -2.9075098718915657, 0.3345889151096344, 179.71560703558464
000241.pid, person, 20.569738547007244, 3.0133949915568046, -3.0095387299855543, 0.3986360728740692, -164.95745753661882
000242.pid, person, 20.512494405110676, 3.080448495017157, -3.0386110146840406, 0.4175093173980713, 1.528926170247316
000246.pid, car, 18.602117849856008, -19.658336366925923, -3.153103784639008, 0.5894575715065002, 97.91791803100398
000247.pid, person, 7.176126797993987, -9.886175791422536, -3.9936690330505384, 0.43758538365364075, 89.87990427938294
000247.pid, car, 18.50572480653462, -18.97229822058427, -3.215176086676748, 0.6208527088165283, 94.02448740908655
000248.pid, car, 18.29557950156076, -18.25962166559129, -3.170120330083938, 0.500473141670227, 100.53364557319583
000249.pid, car, 17.685492817948507, -17.42568176548656, -3.227748585910332, 0.6075747013092041, 109.65198367241784
000250.pid, car, 17.53532218933106, -17.048130324908666, -3.1281467931611195, 0.6401110291481018, 109.65031828552533
000251.pid, car, 17.066221169063027, -16.33191962469192, -3.2972102562586465, 0.6977928280830383, 105.94410016318075
000252.pid, car, 16.761221567789715, -15.843817642756873, -3.318129335130964, 0.7285795211791992, 113.07414042238814
000253.pid, car, 16.49074591123141, -15.329689368223535, -3.3494641597454367, 0.6745147705078125, 97.48910746862192
000254.pid, person, 6.402609666188567, -11.162380854288747, -4.325543085734049, 0.30827757716178894, 41.946409772545856
000254.pid, car, 16.195957760478176, -14.967640167058903, -3.3735133991685022, 0.7631144523620605, 104.57857041589435
000255.pid, car, 15.88961889527061, -14.55457121675665, -3.45917978069999, 0.8012300729751587, 114.61343147978016
000256.pid, person, 6.351765632629402, -11.36026191711427, -4.357244650522869, 0.7157320976257324, -130.856301863054
000256.pid, car, 15.450832104682926, -14.173153877258304, -3.4077684044837953, 0.728091299533844, 148.30995891806006
000257.pid, car, 15.026163447986953, -13.94895628726844, -3.4014471155224424, 0.8087567687034607, 164.60621958483964
000258.pid, car, 14.607777046434808, -13.467036276152642, -3.4308227120023784, 0.6498558521270752, 130.12266754976653
000259.pid, car, 14.082681918144228, -13.061109375953677, -3.473626750707627, 0.6202983260154724, 147.00226162183714
000260.pid, car, 13.893629650736967, -13.042967574540961, -3.6220560683760534, 0.5029080510139465, 138.5862435176671
000261.pid, car, 13.380112680895579, -12.817418229990995, -3.3166289740595323, 0.5117310285568237, 160.38383856184348
000262.pid, car, 13.388569251350736, -12.811101561007295, -3.529593265574911, 0.5469368100166321, 154.41158550138996
000264.pid, car, 20.22141002473377, 2.0564442127943017, -3.687235207784743, 0.5800527334213257, -86.9720390606926
000265.pid, car, 20.183060691470196, 1.6142125519968207, -3.8217867556072402, 0.729633092880249, -86.54732163428397
000267.pid, car, 20.115106181094525, 1.7117712909453775, -3.8510703915043876, 0.6301767826080322, -86.26900842405811
000271.pid, truck, 11.560543363744566, -11.727654066952795, -3.3544228076934814, 0.5372081995010376, 162.1317950212377
000273.pid, car, 11.647299174604749, -11.638202437039084, -3.505635064223717, 0.5866784453392029, 157.5959563837154
000275.pid, person, 10.02401542663575, -11.05048027038575, -3.444611501693726, 0.415802925825119, 166.75922089340807
000275.pid, car, 12.096377206885302, -11.789937309596855, -3.5465101988419243, 0.7944221496582031, -154.43132132568303
000275.pid, car, 20.06510666438512, 1.189858103437079, -3.938416106360298, 0.5752446055412292, 89.42364404794088
000276.pid, person, 9.923017978668216, -10.97662528355917, -3.5096956491470337, 0.6294595003128052, 146.9739111060509
000276.pid, car, 11.889926195144657, -11.682026815414435, -3.2755303144454957, 0.7443979382514954, 153.13424676014236
000276.pid, car, 11.532202902294344, -11.551542100452242, -3.4581583227430066, 0.5949419140815735, 154.08916048709256
000277.pid, car, 11.58974898302997, -11.58425211023402, -3.6048081804204872, 0.7309098839759827, 157.50686765709332
000278.pid, person, 20.327323277791344, 4.7157656578790546, -3.2634764512379957, 0.3369069993495941, 14.3171493941458
000278.pid, car, 11.430261039733889, -11.500746313730879, -3.631708304087321, 0.72304767370224, 152.89343666814386
000279.pid, car, 11.216549442660428, -11.38295185950495, -3.605668321732552, 0.7884664535522461, 156.558765121379
000280.pid, car, 11.522261012684217, -11.561329494823113, -3.643081534992565, 0.7864265441894531, 156.26902189356116
000281.pid, car, 11.081842124462131, -11.439486145973211, -3.5970312282443047, 0.772397518157959, 159.16200473939116
000282.pid, car, 11.442577660083774, -11.487020164728168, -3.621236629784107, 0.7702478766441345, 157.1403757925055
000282.pid, car, 20.04332529703776, 1.5329998968789955, -3.9279992580413805, 0.6150891780853271, -84.97382370161478
000283.pid, car, 11.396635975156515, -11.45417758396694, -3.5345225845064436, 0.8750278949737549, 156.79626509132868
000283.pid, car, 20.089726297478926, 2.221931083421955, -3.8055823978624836, 0.5821448564529419, -84.68865666439098
000284.pid, car, 11.319922712114126, -11.462825483746002, -3.556331409348382, 0.8252914547920227, 159.08069053130797
000285.pid, person, 20.254740263286394, 5.050586198505601, -3.2642521983698787, 0.3519783020019531, 155.72916390312642
000285.pid, car, 11.301713252889702, -11.457179003748404, -3.6397977204158387, 0.8592478036880493, 159.2081707837361
000286.pid, person, 20.258538396734945, 5.11246673684371, -3.317099583776373, 0.3187604248523712, 149.94471108309523
000286.pid, car, 11.199221874105524, -11.413488947111988, -3.5761289267704406, 0.811278223991394, 157.7706733253095
000287.pid, person, 20.260919647216795, 5.136307449340819, -3.3016822528839107, 0.37337782979011536, -9.148369605768487
000287.pid, car, 11.227730635440714, -11.435375271421494, -3.6287866794701777, 0.8547509908676147, 157.8838944562923
000288.pid, person, 20.22546753516564, 4.774463690244233, -3.4404667524191046, 0.3050994575023651, -82.73926941016799
000288.pid, car, 11.042654404273403, -11.298419072077829, -3.510551984493549, 0.8567869067192078, 156.5048134069531
000289.pid, car, 11.275998942057296, -11.434385553995773, -3.6274023056030273, 0.8467340469360352, 154.90781142930547
000290.pid, person, 20.252100137563858, 4.842025096599868, -3.3756035107832676, 0.38740286231040955, -82.75157081822923
000290.pid, car, 11.257429334852432, -11.550369792514381, -3.5784175749178284, 0.8224856853485107, 158.14836456010295
000291.pid, car, 11.051456239488394, -11.499917807402438, -3.5808922891263615, 0.8452489376068115, 159.13571359092234
000291.pid, car, 11.452762405077621, -11.572906255722051, -3.5600717167059575, 0.525123655796051, 150.05609803389322
000292.pid, person, 20.25214567638579, 5.357028257279167, -3.281158015841529, 0.409097820520401, 165.51344967789018
000292.pid, car, 11.308260345458987, -11.424336705889024, -3.5977638857705254, 0.8430790901184082, 157.06534124466924
000293.pid, car, 11.072586550031392, -11.390428079877584, -3.6163141795567104, 0.7959331274032593, 160.33960411214113
000294.pid, person, 20.24504921653054, 5.000067521225319, -3.432290770790793, 0.31370365619659424, -82.75957645769856
000294.pid, car, 11.334162278608844, -11.44339194442287, -3.498400659272165, 0.7037596106529236, 160.3827407479244
000295.pid, car, 11.147627762385781, -11.364966188158315, -3.5674964189529423, 0.7243938446044922, 156.61390443862481
000296.pid, car, 11.30610697197192, -11.485041994037054, -3.5954945304177026, 0.8053146004676819, 158.30817218502426
000297.pid, car, 11.192738056182867, -11.486732602119451, -3.5783519645531974, 0.8174071311950684, 160.64060328871642
000298.pid, car, 11.369468841552738, -11.399660644531254, -3.588569450378418, 0.8094378709793091, 157.8942345376365
000299.pid, car, 11.017909049987798, -11.328233642578132, -3.5254127311706545, 0.8199453949928284, 153.66391746416897
000300.pid, car, 11.098235244750981, -11.5174589920044, -3.5833875656127936, 0.8399006128311157, 152.44935794988592
000301.pid, car, 11.109155178070072, -11.477063996451246, -3.579937611307417, 0.8268479108810425, 160.84952395856305
000302.pid, car, 11.070331538165062, -11.485869337011273, -3.5336906203517207, 0.8340144157409668, 164.1565656056889
000303.pid, person, 20.276315808296207, 5.862596333026884, -3.3166839331388465, 0.3233298063278198, 138.3497152262088
000303.pid, car, 11.168156164663813, -11.546231552406597, -3.500052637524075, 0.8107866048812866, 157.68295464486758
000304.pid, person, 20.261922454833986, 5.908812967936196, -3.261547994613647, 0.4381076693534851, -19.75199595440333
000304.pid, car, 11.172382278442385, -11.485419082641606, -3.5702552127838136, 0.7522222399711609, 146.9566539396602
000305.pid, person, 20.301912747896633, 5.949801738445576, -3.280476405070378, 0.48740798234939575, 120.8613894185519
000305.pid, car, 11.244706295154717, -11.528442665382672, -3.4895803045343468, 0.5427876710891724, 148.30700098436702
000306.pid, person, 20.28165864944458, 5.9697798490524265, -3.3122453888257337, 0.5169059038162231, -28.791358594475
000306.pid, car, 10.992703971862797, -11.614626770019534, -3.487405309677124, 0.7881458401679993, 160.3250181722706
000307.pid, person, 20.307897090911865, 6.018378406763077, -3.2855048924684516, 0.4908108413219452, 152.93240862907004
000307.pid, car, 10.935856274196086, -11.395021756490078, -3.474301326842535, 0.6793909072875977, 140.26215620118407
000308.pid, person, 20.28614044189453, 6.026359293195936, -3.206173234515719, 0.42021721601486206, 166.18227679222426
000308.pid, car, 10.89940542644925, -11.490395122104227, -3.223864025539822, 0.6572035551071167, 161.41142335217845
000309.pid, person, 20.284074783325195, 6.094491885258601, -3.255838687603289, 0.4500190019607544, 148.09036780382456
000309.pid, car, 10.718968261371964, -11.465810775756841, -3.4988120144063775, 0.8118516206741333, 165.78472601043782
000310.pid, person, 20.277223413640804, 6.132425221529871, -3.204978162592106, 0.4472854733467102, -171.41759316682544
000310.pid, car, 10.616167215200575, -11.287215086130004, -3.0959328688108005, 0.6740513443946838, 23.531991028944105
000310.pid, car, 10.017958034168599, -11.0864489295266, -3.9800698323683306, 0.6507899165153503, 165.24638076294542
000311.pid, person, 20.248585040752705, 6.216652760138876, -3.2421808242797843, 0.6143040657043457, 173.5746398988094
000311.pid, person, 19.9870456348766, -0.7469241063703216, -4.294623938473787, 0.3142271935939789, -62.89348096533829
000311.pid, car, 10.5240338643392, -11.389779090881358, -3.12427478366428, 0.6335925459861755, 30.11908444894325
000311.pid, car, 9.983596765078037, -11.36846586374137, -4.005298486122719, 0.5636007785797119, 169.82808307871196
000312.pid, person, 20.276453781127934, 6.260553884506223, -3.1459072828292833, 0.5061636567115784, 144.82144741677934
000312.pid, person, 19.978368759155277, -0.705383762717247, -4.297815879185993, 0.33242160081863403, -62.411440577346916
000312.pid, car, 10.335147857666021, -11.22976229407571, -3.5574651848186147, 0.5799981355667114, 170.67441517136416
000313.pid, person, 20.228360262784093, 6.28560668771917, -3.1707862723957394, 0.3874076008796692, 165.3823178712949
000313.pid, car, 10.232098158015765, -11.225627012031026, -3.313392866489499, 0.8359993696212769, -164.4236745189908
000314.pid, car, 9.968700236744354, -11.188602632946443, -3.38894776503245, 0.7715328335762024, 169.0789490196641
000315.pid, car, 10.024241805076604, -11.163656314214073, -3.626444386111366, 0.7716495394706726, -163.22547050872495
000316.pid, person, 20.231207105848526, 6.440142525566948, -3.218557013405693, 0.3563421070575714, 151.46484760062611
000316.pid, person, 19.95382862091065, -0.7424912324175267, -4.2941990852355945, 0.30501288175582886, -63.50895854549386
000316.pid, car, 9.505426692962653, -10.7568916797638, -3.8906919956207275, 0.7542251348495483, -155.44378910019915
000317.pid, car, 8.839246823237499, -10.688204325162456, -3.8505753920628476, 0.7963560819625854, -157.9990119967357
000318.pid, person, 20.188375155131027, 6.530638058980304, -3.2364372809727975, 0.3671874403953552, 169.05555922033275
000318.pid, car, 8.624550764377307, -11.000068591191226, -3.672500353593093, 0.5928130149841309, -127.07924812117349
000319.pid, person, 20.192944335937504, 6.573958778381346, -3.235025310516356, 0.30135437846183777, 169.41731144997473
000319.pid, car, 7.814857473740217, -11.396102941953224, -3.731801152229309, 0.8334826827049255, -125.84047669944329
000320.pid, car, 7.681513948874047, -10.968690872192388, -3.8119923960078848, 0.870140552520752, -122.6172996082426
000321.pid, person, 20.314665158589687, 6.690061648686726, -3.258724252382913, 0.42235130071640015, -166.81392024812823
000321.pid, car, 7.536573529243479, -10.886404832204189, -3.8324569596184626, 0.8871002197265625, -118.25329496015871
000322.pid, person, 20.235857009887702, 6.709514427185056, -3.176609992980955, 0.44853511452674866, 160.25991350643022
000322.pid, car, 7.2464250469207805, -10.633561401367192, -3.9275645637512206, 0.623997688293457, -115.93984821112261
000323.pid, person, 20.298801694597522, 6.757043021065847, -3.2556443214416495, 0.4746279716491699, -167.77206678492337
000323.pid, car, 6.858632098544734, -10.539823011918507, -3.912156744436784, 0.7736849784851074, -112.23927763330977
000324.pid, person, 20.358021926879882, 6.791102981567382, -3.171943235397337, 0.3021973669528961, -161.53708830967315
000324.pid, car, 6.281320298159572, -10.516014946831604, -4.006932726612797, 0.8907583355903625, -107.33922601902376
000326.pid, person, 20.278948068618778, 6.9339901208877555, -3.338567584753035, 0.3776395320892334, -173.5237547179638
000327.pid, person, 20.269693919590544, 6.962319850921632, -3.2389914648873455, 0.4416813254356384, 6.675353446346331
000327.pid, person, 3.7556866299022404, -15.950775926763372, -3.400403304533525, 0.30646631121635437, -35.87154835866077
000328.pid, person, 20.194861306084526, 7.057509687211777, -3.2626905706193705, 0.5157583951950073, -1.7091896223034464
000329.pid, person, 20.27839016914368, 7.086457133293149, -3.2061498463153826, 0.4681067168712616, -158.65961884002562
000330.pid, person, 20.158840179443363, 7.136387109756468, -3.1993836462497702, 0.40693768858909607, 168.73256391668002
000331.pid, person, 20.243993214198525, 7.169471059526715, -3.220494134085517, 0.37901583313941956, -156.00007507844413
000331.pid, person, 3.7544374995761536, -15.908408059014224, -3.3180340925852456, 0.32871684432029724, -24.266227152037153
000332.pid, person, 3.7577828060497014, -15.924446972933692, -3.3548465858806265, 0.32270190119743347, 148.71409043526322
000332.pid, person, 20.151184293958877, 7.194358083936901, -3.2813208368089457, 0.3126623034477234, 11.05518724239167
000333.pid, person, 20.14428520202637, 7.26574592590332, -3.1955795049667346, 0.41156473755836487, 2.6988991738511903
000333.pid, person, 3.733882692125117, -15.898739178975436, -3.317139943440756, 0.31667208671569824, 152.1141645637732
000334.pid, person, 20.116130447387697, 7.325160837173461, -3.250310325622558, 0.3627204895019531, 2.1262445677007884
000334.pid, person, 3.770700216293343, -15.924867153167735, -3.3630080938339235, 0.3031269907951355, 145.8488537203307
000335.pid, person, 20.13510303497315, 7.399452781677246, -3.1888448476791367, 0.36185288429260254, 177.76353956409383
000337.pid, person, 20.171409953724254, 7.522005991502241, -3.1244237422943097, 0.40922170877456665, -167.8271835308374
000338.pid, person, 20.059056888927117, 7.580554138530385, -3.219103054566816, 0.4179725646972656, 166.99146820124258
000339.pid, person, 20.09637451171875, 7.634359571668834, -3.004299428727891, 0.492563933134079, 170.4206006874129
000340.pid, motorcycle, 20.046897194602273, 7.664681824770841, -3.153477148576215, 0.3268849551677704, -5.700681493976294
000341.pid, person, 20.036460304260256, 7.689759874343872, -3.260716533660888, 0.41762426495552063, 171.53701148358093
000342.pid, person, 20.041937828063965, 7.745024263858797, -3.135762363672255, 0.4698048532009125, 172.82865238235664
000343.pid, person, 19.96854639053345, 7.807983318964638, -3.235320885976155, 0.3048357367515564, 175.58431204314695
000344.pid, person, 19.951919555664066, 7.837196548779803, -3.2214413086573277, 0.35064372420310974, -172.684282417873
000345.pid, person, 19.92536984957182, 7.874505263108474, -3.234883876947255, 0.3198355436325073, 17.869492890849106
000346.pid, person, 19.89639218648275, 7.9026170836554614, -3.315664927164712, 0.4488089978694916, -159.62528433241064
000347.pid, person, 19.84850268893772, 7.937675052218964, -3.285931878619723, 0.46821534633636475, 172.9695829026735
000348.pid, person, 19.873885521521938, 7.998571836031399, -3.289211639991173, 0.4188951253890991, -170.23827566774332
000349.pid, person, 19.85972513471331, 8.004491737910676, -3.316636460168019, 0.48416784405708313, 4.048702895286347
000350.pid, person, 19.80616272820367, 8.06383842892117, -3.253601074218749, 0.3761478364467621, 176.35988234265767
000351.pid, person, 19.810708999633793, 8.1282924413681, -3.289302557706831, 0.3849983215332031, 166.55950599558815
000353.pid, person, 19.77796718052456, 8.267500604901993, -3.3507411479949942, 0.4279055893421173, 162.54405709524147
000354.pid, person, 19.799659093221035, 8.290271282196043, -3.5555611451466853, 0.43623486161231995, 120.88466103450729
000355.pid, person, 19.80305417378744, 8.331960678100584, -3.4056183497110992, 0.33943331241607666, 168.91795154278506
000356.pid, person, 19.82969379425049, 8.365373452504473, -3.246313254038491, 0.46418312191963196, 143.43871608552604
000357.pid, person, 19.70137468973796, 8.477533658345537, -3.3346414963404327, 0.4815709590911865, 140.0484760030005
000358.pid, person, 26.247806549072273, -15.43243558066232, -3.4600634234292142, 0.5006427764892578, -68.58446607514583
000359.pid, person, 19.717602729797367, 8.548654079437252, -3.3852975070476523, 0.558397650718689, 156.08770545575848
000360.pid, person, 19.767812410990402, 8.565212567647297, -3.2340951760609933, 0.5669567584991455, 128.14194112757374
000361.pid, person, 19.674775804792137, 8.655839375087192, -3.2014631543840673, 0.5050322413444519, 148.49016946768577
000362.pid, person, 19.666869878768924, 8.685236811637878, -3.349464386701583, 0.5966095328330994, 166.006224397851
000363.pid, person, 19.667116641998295, 8.71481192111969, -3.208472967147826, 0.632408082485199, 61.80591747163842
000364.pid, person, 19.600852693830223, 8.740370205470489, -3.4240758419036856, 0.5623489022254944, 153.43806875217967
000365.pid, person, 19.622971943446572, 8.75723770686558, -3.4479709352765746, 0.49075794219970703, 149.2279143616653
000366.pid, person, 19.660138660007057, 8.811377843221026, -3.390835735532972, 0.5308896899223328, 173.5879802767601
000367.pid, person, 22.173963864644374, -0.4142985343933117, -3.3503529628117867, 0.46334248781204224, -68.23801685258772
000368.pid, bicycle, 19.480773448944092, 9.05403983592987, -3.3360944688320147, 0.5182619094848633, 135.38359342365533
000369.pid, person, 19.563863330417213, 8.983474837409126, -3.3988275263044563, 0.50618976354599, 165.01818306614578
000370.pid, person, 19.582549095153812, 9.044845581054688, -3.179359853267669, 0.5580358505249023, 9.341077589549586
000371.pid, person, 19.514225482940677, 9.107377290725704, -3.3240867257118216, 0.620705246925354, 168.17044554175604
000371.pid, car, 19.911305147058826, -0.5564643457970223, -4.303714780246509, 0.8301399946212769, -66.95009004334156
000372.pid, person, 22.945461697048618, -3.3962316513061572, -3.3629230923122813, 0.4970760643482208, -68.37565668122411
000373.pid, person, 19.537390136718752, 9.143572521209716, -3.280732822418212, 0.46526551246643066, -1.040509086833711
000374.pid, person, 19.48207454681397, 9.161655616760253, -3.31132686138153, 0.6209887862205505, 173.49462779458875
000375.pid, person, 19.481112639109295, 9.22714575131734, -3.3500180244445796, 0.505690336227417, 175.89971367064916
000376.pid, person, 23.923037937709267, -6.919673102242607, -3.463207381112234, 0.32915249466896057, -68.35537019561869
000377.pid, person, 19.41220994429155, 9.292584419250488, -3.380835446444424, 0.39302095770835876, 174.9384193482181
000378.pid, person, 22.827081680297855, -3.239975505405006, -3.4471770127614323, 0.38175368309020996, -68.26052821921911
000379.pid, person, 19.36788215637207, 9.379184436798093, -3.402793335914611, 0.47477734088897705, -168.25827193874125
000380.pid, person, 19.26846523284912, 9.46016101837158, -3.3251913547515857, 0.5403520464897156, 145.49006507574364
000381.pid, person, 19.342211636629973, 9.421343543312766, -3.4297340132973404, 0.4936056137084961, -172.89747754641317
000382.pid, person, 19.324205745350234, 9.46730448982932, -3.4161550781943575, 0.5703869462013245, 172.9198623692128
000383.pid, person, 19.347117337313566, 9.524351380088113, -3.2394646948034107, 0.560329794883728, 172.5319840410003
000383.pid, person, 20.023369875821203, -0.7055510196157528, -4.29753424904563, 0.31650519371032715, -64.59044832969198
000384.pid, person, 19.346554669466887, 9.528790127147325, -3.3655900738456026, 0.31132373213768005, 165.78675645824367
000386.pid, person, 19.347217983669708, 9.624226676093205, -3.4175069067213264, 0.376689612865448, 151.4928719606977
000387.pid, person, 21.54685129438128, 1.5326053074427983, -3.5244275501796167, 0.5049424767494202, -68.69556112976665
000388.pid, person, 19.360626459121708, 9.707216739654541, -3.44810965657234, 0.5485267043113708, 151.00758970629676
000389.pid, person, 19.332178497314455, 9.755260372161862, -3.3726670503616325, 0.45949164032936096, 156.66520625167934
000390.pid, person, 19.347104753766747, 9.797397613525387, -3.3329835278647275, 0.46023476123809814, 148.8658137029737
000391.pid, person, 19.343127489089973, 9.803628325462341, -3.455540806055068, 0.5729121565818787, 145.06551612848938
000391.pid, person, 19.940723419189453, -0.5642824456095733, -4.302872498830158, 0.3480837345123291, -64.45459895967443
000392.pid, person, 19.376322984695435, 9.8397741317749, -3.268091201782225, 0.6201024055480957, -21.922246557110768
000393.pid, person, 19.327732086181644, 9.904215070936411, -3.4262604978349462, 0.5046675205230713, 153.92847337467074
000394.pid, person, 19.320959938897026, 9.94971720377604, -3.4553885724809428, 0.5246899724006653, 146.9732889151776
000394.pid, car, 19.917468190193176, -0.5938996784389037, -4.298964053392409, 0.7402182817459106, -68.63435249446104
000395.pid, person, 19.33793449401856, 9.957278598438608, -3.349462379108775, 0.4919532537460327, -5.497299476346315
000396.pid, person, 23.776436669485918, -6.38139547620501, -3.4952701841081875, 0.476253867149353, -68.47182861453561
000397.pid, person, 19.305504904852977, 10.064126332600912, -3.3316759533352314, 0.43310075998306274, 147.40852349580626
000398.pid, person, 21.53043256487166, 1.925849233354843, -3.5159103189195897, 0.3608030676841736, -68.2803979400766
000399.pid, person, 19.308255513509117, 10.128884315490723, -3.3306713369157563, 0.35046669840812683, 157.0751869982388
000401.pid, person, 19.320512226649694, 10.188966342381066, -3.4116803918566005, 0.43274161219596863, -6.927089075162238
000401.pid, car, 19.914471626281742, -0.5375915429322085, -4.303240835666656, 0.8330896496772766, -66.98325615891142
000402.pid, person, 19.356943130493168, 10.254318101065499, -3.364186593464441, 0.46068623661994934, -4.785051349270379
000403.pid, person, 19.280650138854984, 10.355115413665768, -3.3551302353541037, 0.3720742464065552, -26.851492515248253
000404.pid, person, 19.289936828613286, 10.386928749084472, -3.48517084121704, 0.3960438668727875, -85.22470878216251
000406.pid, person, 19.31041463216146, 10.450615564982094, -3.1460938453674303, 0.3871315121650696, 138.91364135909888
000409.pid, person, 19.258600616455084, 10.50712776184082, -3.308215522766112, 0.36738598346710205, 140.5219729300999
000410.pid, person, 19.22187757492066, 10.622153520584106, -3.4187180399894697, 0.361098974943161, 52.661543158490325
000411.pid, person, 19.22772941589356, 10.618844413757326, -3.2734075546264636, 0.3901417851448059, 153.3480861929851
000412.pid, person, 19.226957003275555, 10.680539925893148, -3.417062799135843, 0.44423559308052063, 134.75918011139282
000413.pid, person, 19.263624509175624, 10.735619703928629, -3.4422976175944, 0.3297876715660095, -15.185588887865304
000413.pid, car, 19.93912686241998, -0.5908307640088952, -4.299977329042222, 0.5025736093521118, -68.39058676779507
000415.pid, person, 21.595033963521328, 0.9756983121236141, -3.4842318296432477, 0.4157876968383789, -68.58886165673422
000419.pid, person, 19.06197230021159, 11.026150544484457, -3.269141117731729, 0.46231746673583984, 179.86741959899655
000419.pid, car, 19.916437442486107, -0.5576652792783917, -4.301364568563607, 0.8174509406089783, -68.37203523726401
000420.pid, person, 34.88375854492188, -47.32722600301107, -3.6529703934987374, 0.5627295970916748, 47.33898204258619
000421.pid, person, 19.328800201416023, 11.117161560058591, -3.3172986984252915, 0.5424790382385254, 126.10802516220473
000422.pid, person, 19.246918678283695, 11.224247694015503, -3.023277282714843, 0.45182499289512634, 58.42504510616052
000422.pid, person, 19.945509397066555, -0.5724755009779607, -4.301289595090425, 0.31452274322509766, -65.27190841205416
000423.pid, person, 19.302415847778327, 11.222731113433836, -3.1747019290924063, 0.43356582522392273, -69.40817146588
000424.pid, person, 23.198688030242927, -3.3682034015655518, -3.251152902841567, 0.449912428855896, -68.66357795606788
000425.pid, person, 19.256398064749586, 11.297963006155827, -3.1984025750841405, 0.421355664730072, -18.674109592956373
000426.pid, person, 21.50977652413505, 2.992947987147738, -3.1809382098061683, 0.4349466562271118, -68.50380000686619
000427.pid, person, 19.247359911600753, 11.365290959676107, -3.257467786471048, 0.4225245416164398, -166.74676723172223
000428.pid, person, 21.82174396514893, 1.7132118542989094, -3.121246417363482, 0.461469441652298, -68.50487384176029
000429.pid, person, 19.15024212428502, 11.515088626316615, -3.1265386513301294, 0.4654991328716278, 34.091953018008155
000430.pid, person, 19.226946830749515, 11.591922918955483, -3.2465746800104767, 0.42001137137413025, -14.98564824947109
000431.pid, person, 21.469954354422438, 3.2121524810791016, -3.194020611899238, 0.42063838243484497, -68.52479943421062
000432.pid, person, 19.17932014465332, 11.654556465148925, -3.0405886173248278, 0.3805285692214966, -26.68629003405249
000434.pid, car, 20.186079263687137, -1.3106896774843362, -4.298481911420821, 0.7482081055641174, -64.27201807766656
000436.pid, person, 19.207655715942387, 11.882119369506835, -3.1106700420379627, 0.4644443392753601, -135.444844712525
000437.pid, person, 19.279461724417555, 11.902018819536481, -3.1337570122310083, 0.6094480156898499, -65.2156105489189
000438.pid, person, 19.269103050231934, 11.931679248809813, -3.175185680389403, 0.6059606075286865, -63.20807460267091
000438.pid, car, 19.890817133585617, -0.4696428907414287, -4.304487609863281, 0.8224108815193176, -66.83047546164494
000439.pid, person, 19.28821182250977, 11.915815591812134, -3.1663675606250754, 0.6068642735481262, 104.69123833957583
000440.pid, person, 19.258905410766605, 12.001287778218588, -3.0594804684321075, 0.4727094769477844, 103.18987331994886
000441.pid, person, 19.10593223571778, 11.828724724905829, -3.169814211981636, 0.7438182830810547, -122.45357099452869
000442.pid, person, 22.768042882283535, -1.1673512988620358, -3.243598990970186, 0.7926825881004333, -68.85321233865176
000443.pid, person, 19.24069952964783, 12.074645876884459, -3.205764800310134, 0.767768383026123, 121.76449616645216
000444.pid, person, 19.172654724121095, 12.091040420532227, -3.2662774085998523, 0.7826917767524719, 154.1064920087488
000445.pid, person, 19.159560012817384, 12.189043617248535, -3.2494687080383287, 0.7746083736419678, -55.654394088002
000446.pid, person, 21.40637942722866, 3.7718230656215104, -3.2870051860809317, 0.691595733165741, -68.677927255392
000447.pid, person, 19.110336621602382, 12.268607775370276, -3.2205429474512726, 0.7622177004814148, 160.75978550912123
000448.pid, person, 24.438930511474613, -7.548968156178792, -3.252962708473204, 0.6526328325271606, -68.83806565972509
000449.pid, person, 19.122569402058925, 12.347178777058916, -3.220562696456908, 0.5480815172195435, 160.0297292054084
000449.pid, car, 20.20935325622559, -1.3284349183241517, -4.297826608022053, 0.8737511038780212, -63.9134782963778
000450.pid, person, 19.10308774312338, 12.48015753428141, -2.9045058091481515, 0.5048018097877502, -69.05504950519773
000451.pid, person, 19.161165618896494, 12.457598686218258, -3.069612360000609, 0.47745198011398315, -67.47801251313223
000451.pid, car, 19.814896656916694, 0.3161341192630583, -4.256974972211397, 0.8806076645851135, 100.08153161906436
000452.pid, person, 23.15772962570191, -2.443274497985838, -3.3116878271102896, 0.3513234555721283, -68.75381997370073
000455.pid, car, 19.915830275591684, -0.578062595772176, -4.3005623256458945, 0.8399081826210022, -67.91454348988492
000456.pid, person, 27.060027122497566, -17.4170515537262, -3.5450969338417035, 0.6042779088020325, -68.98436372272937
000457.pid, person, 19.158856074015304, 12.741600831349688, -3.2376449505488067, 0.6942530870437622, 82.77329806510281
000457.pid, person, 19.950377055576872, -0.5486247534198471, -4.300008194787161, 0.345831960439682, -64.1690724679365
000458.pid, person, 19.171581268310547, 12.740385532379149, -3.232741832733153, 0.694771945476532, 103.79204337163848
000458.pid, person, 19.94607898167202, -0.5859668388896263, -4.300092118127005, 0.3548312485218048, -65.19078212384179
000459.pid, person, 19.15757070268904, 12.79430076054164, -3.1936346122196726, 0.6650218963623047, 94.08843209916468
000459.pid, person, 19.944396972656254, -0.5411225464195025, -4.30515937010447, 0.37173059582710266, -63.0359279383404
000460.pid, person, 19.118371963500977, 12.860364151000976, -3.30786724090576, 0.7587535977363586, 93.07157063955069
000461.pid, person, 19.1354672908783, 12.865057229995724, -3.281994402408599, 0.8318407535552979, 115.95587573556625
000461.pid, car, 19.858493123735705, -0.44651185215584377, -4.305680002485002, 0.7577864527702332, -67.81062573515803
000462.pid, person, 19.10261964797974, 12.886121749877926, -3.2947992384433737, 0.7971161603927612, 115.77061464772768
000463.pid, person, 19.09285872323173, 12.92347254071917, -3.4103639466421933, 0.8189345002174377, -53.507206149800844
000464.pid, person, 19.06827463422503, 13.023608071463448, -3.193488529750278, 0.8086869120597839, 117.24050422018564
000465.pid, person, 19.05516576766968, 13.061184406280518, -3.328018635511398, 0.8215978145599365, 107.94930008102286
000466.pid, person, 19.041405571831596, 13.072287241617838, -3.413108136918808, 0.8309584856033325, 107.26979624343393
000467.pid, person, 19.04637479782105, 13.155749082565308, -3.4650964438915235, 0.7756251692771912, 99.8381157845894
000467.pid, car, 19.93778284858255, -0.646795197444807, -4.298345846288344, 0.5493329167366028, -68.1751026728071
000468.pid, person, 19.04439481099447, 13.17422368791368, -3.407959408230251, 0.7859403491020203, 115.7001455281785
000469.pid, person, 19.04536104202271, 13.214197278022764, -3.472209393978118, 0.7150337100028992, 93.3188159280588
000470.pid, person, 20.807641347249348, 6.552710745069713, -3.4269745349884024, 0.5481398105621338, -68.77710710096042
000471.pid, person, 18.995912006923135, 13.351966176714216, -3.4105632305145255, 0.5770223736763, 94.58516080610822
000472.pid, person, 18.99189491271973, 13.350175857543945, -3.4401382923126205, 0.6521363854408264, 103.09704127784147
000473.pid, person, 18.992330006190713, 13.405510629926406, -3.26982055391584, 0.6328089833259583, 100.14000622707968
000473.pid, car, 19.914796956380208, -0.48473557184140076, -4.305310249328612, 0.8649626970291138, -65.87900915772806
000474.pid, person, 20.969533443450928, 5.882030010223389, -3.3127643167972556, 0.7803913950920105, -68.79970133204233
000474.pid, person, 19.944625707773064, -0.6365622293490663, -4.299152300908014, 0.3729543387889862, -63.561201879182555
000475.pid, person, 18.990502357482914, 13.476871776580811, -3.386299324035644, 0.7548342347145081, 102.4111254396586
000476.pid, person, 21.00718569755555, 5.921069860458374, -3.458721816539763, 0.7738054394721985, -68.79667243025105
000477.pid, person, 18.979544533623592, 13.513698895772299, -3.5122457875145785, 0.8410455584526062, 129.19772773482478
000478.pid, person, 18.96375131607056, 13.545821547508236, -3.5187372863292676, 0.824721097946167, 112.64076801935369
000479.pid, person, 22.133939552307133, 1.4654168128967264, -3.553430581092833, 0.8163910508155823, -68.99588369506671
000480.pid, person, 18.889695167541507, 13.656891703605648, -3.4904619157314283, 0.8253491520881653, -46.92628892680548
000480.pid, person, 19.94500556358924, -0.6431672255007175, -4.298208860250619, 0.4878615140914917, -65.38453762353487
000481.pid, person, 18.85568714141846, 13.709620380401612, -3.4739592313766474, 0.831796407699585, -32.66961927151685
000482.pid, person, 20.840825557708744, 6.167565584182737, -3.4402164220809923, 0.8158977627754211, -68.70133709025737
000483.pid, person, 18.80593700408936, 13.810883808135987, -3.424067878723144, 0.8355942368507385, 169.73927146947744
000484.pid, person, 18.785778893364803, 13.862092759874129, -3.584934923383923, 0.7036389708518982, -165.05084037307515
000485.pid, person, 21.08215713500977, 5.201958520071846, -3.2801684652056005, 0.7291678786277771, -68.73502180324684
000486.pid, person, 18.744310140609745, 13.91965103149414, -3.229984074831007, 0.7234010696411133, 127.77024735581942
000486.pid, person, 20.022849516435105, -0.7180473789022453, -4.2972047545693135, 0.3528706729412079, -63.45663947288707
000487.pid, person, 18.73001452854702, 13.989051001412525, -3.311115333012171, 0.43306466937065125, -159.95504668467746
000487.pid, person, 19.94533694874157, -0.5317711457610169, -4.306348670612682, 0.3560490906238556, -61.75849020916859
000488.pid, person, 18.737536839076455, 14.010740416390556, -3.198653118950979, 0.5363729000091553, -168.23116067465944
000489.pid, person, 18.726845741271976, 14.082535107930502, -3.2250159581502262, 0.49998509883880615, -157.88895149860144
000489.pid, car, 19.889477284749354, -0.5045608008901316, -4.303253491719563, 0.8313825130462646, -68.16942460416243
000490.pid, person, 18.751620483398444, 14.150146675109857, -3.189118909835815, 0.439024418592453, 124.00343628307606
000491.pid, person, 18.755316543579106, 14.214450454711914, -2.9786603927612294, 0.674051821231842, -37.810822573891166
000492.pid, person, 18.729370594024665, 14.238542556762695, -3.02188330888748, 0.5760733485221863, 114.21786854822517
000492.pid, person, 20.02902812957764, -0.843387946486476, -4.293427991867064, 0.4241581857204437, -63.2517447556878
000493.pid, person, 18.729242706298834, 14.285687255859372, -3.1924430370330796, 0.46667030453681946, 120.62644963434389
000494.pid, person, 18.69987487792969, 14.330763816833494, -3.0267799496650687, 0.41717293858528137, 110.42897553886256
000495.pid, person, 18.63385925292969, 14.35328102111816, -3.2227415084838853, 0.3005602955818176, -143.66164709038745
000496.pid, person, 18.58178465706962, 14.416783877781455, -3.357141290392193, 0.4602954387664795, -140.79575508750966
000497.pid, person, 18.599410057067878, 14.447068214416499, -3.144123315811155, 0.5211529731750488, -167.60887572940922
000498.pid, person, 18.561322106255428, 14.513534863789877, -3.295363267262776, 0.6337369084358215, 179.78678450250277
000499.pid, person, 21.312165260314945, 4.312596956888837, -3.2744925419489532, 0.6938789486885071, -68.71382148144471
000500.pid, person, 18.57317161560059, 14.596125284830729, -3.275477806727091, 0.7310923337936401, 172.1431057694226
000501.pid, person, 18.583161490304132, 14.649381910051618, -3.2986951555524535, 0.6431886553764343, -25.87614474193822
000502.pid, person, 18.56289609273275, 14.696901109483504, -3.2805852360195575, 0.5624251961708069, 164.0541598837557
000503.pid, person, 18.556249346051903, 14.74004677363804, -3.243362188339231, 0.3892230987548828, 170.06615304118228
000504.pid, person, 18.60503800710043, 14.777782917022705, -3.417150060335794, 0.6685287952423096, 104.96420222648139
000505.pid, person, 18.617368221282966, 14.804490327835081, -3.3965057730674735, 0.6899712085723877, 5.593934261557579
000506.pid, person, 18.627242565155036, 14.811913728713986, -3.5181007981300345, 0.781294047832489, -99.93179100064404
000507.pid, person, 25.139476394653325, -9.972041893005374, -3.467415904998778, 0.7610881924629211, -69.06585533118039
000508.pid, person, 18.594817479451503, 14.979944864908857, -3.3062539895375553, 0.7064015865325928, 99.79448045732983
000509.pid, person, 18.61316776275635, 15.048222303390503, -3.4087883234024035, 0.6501588821411133, -65.93269186627631
000512.pid, person, 18.64253425598145, 15.15851895014445, -3.31212286154429, 0.5743778944015503, 146.7201412753368
