000077.pid, car, 19.39110660552979, 7.364999108844332, -3.232792152298821, 0.6681990027427673, -19.83116481988071
000080.pid, car, 19.392916606022762, 7.2049027222853415, -3.3361867941342855, 0.5370445847511292, 150.85265663706483
000089.pid, car, 19.17452478408814, 7.523855042457581, -3.3165545344352716, 0.6584076285362244, 111.2678713514027
000101.pid, car, 19.822708476673473, 6.271274696696887, -3.4901564988222984, 0.5924023985862732, 4.64279380837461
000113.pid, car, 20.003635215759278, 5.720023131370544, -3.3324128270149225, 0.6093231439590454, 165.94947191817707
000147.pid, car, 20.285831227022058, 4.055823241963103, -3.2105944296892948, 0.7717726826667786, 3.1143510564358423
000151.pid, car, 20.260650333605316, 3.8367364030135276, -3.17663476341649, 0.5944720506668091, 1.5106977573335145
000152.pid, car, 19.292994260787967, 6.47866930067539, -3.215255439281463, 0.7137055397033691, 109.50182419725695
000153.pid, car, 20.251811547712848, 3.7462647286328403, -3.186543182893232, 0.7647252678871155, 9.43704430812447
000154.pid, car, 20.215853571891785, 3.6731068044900903, -3.198040813207626, 0.5987834930419922, 168.16661335143476
000155.pid, car, 20.1537374608657, 3.5970950407140383, -3.312280318316291, 0.7047614455223083, 169.98249895111923
000156.pid, car, 19.574531173706056, 5.4450809121131885, -3.229600775241851, 0.6739813089370728, 107.51830873223899
000157.pid, car, 20.109017491340637, 3.5248418301343896, -3.2412609606981273, 0.6486138105392456, 151.5245837746345
000158.pid, car, 20.126691706040326, 3.4877112052019896, -3.208611740785486, 0.7497533559799194, 160.84363337634073
000159.pid, car, 20.129142174353966, 3.4314991144033575, -3.3597049346336947, 0.7779753804206848, 171.6725831295229
000160.pid, car, 20.16301398807102, 3.4369175434112527, -3.373369018236795, 0.6186609268188477, 0.6783687137948212
000162.pid, car, 20.176541328430176, 3.3200859891043764, -3.1913315190209275, 0.5681667327880859, -164.8655462203538
000163.pid, car, 19.161619286788138, 6.344091553437081, -3.196713849117881, 0.7014186382293701, 108.70899631652345
000164.pid, car, 20.19809722900391, 3.213533148169518, -3.1736782938241954, 0.7044702768325806, 170.38809726060202
000165.pid, car, 20.188823154994424, 3.17750310897827, -3.1894942351749958, 0.7227917313575745, 158.5868459961271
000166.pid, car, 19.762810826301575, 4.640412792563438, -3.275270223617553, 0.7302703261375427, 106.74311888874561
000167.pid, car, 19.668530715139287, 4.8876576549128465, -3.2791993868978393, 0.6618738770484924, 106.40905540428464
000168.pid, car, 20.252827432420517, 3.0380752881368007, -3.2060603565639916, 0.6347320675849915, -163.47679370914014
000169.pid, car, 20.218780293184167, 3.0178130514481487, -3.2706608772277828, 0.6495304703712463, 6.625674418246564
000170.pid, car, 20.226397559756325, 2.975191615876697, -3.2359358356112518, 0.6800523996353149, 13.298461947554117
000171.pid, car, 20.22297128041585, 2.913352105352612, -3.2721288469102645, 0.6828206777572632, 14.668672596695448
000172.pid, car, 20.213696002960205, 2.8608291864395134, -3.286183047294616, 0.6447640657424927, 5.456945573049172
000173.pid, car, 20.222805808572208, 2.8186626574572395, -3.2115055112277755, 0.718747079372406, 10.944303337883019
000174.pid, car, 20.217761357625324, 2.7688132656945124, -3.268838180436028, 0.7080512642860413, -173.5357201513745
000175.pid, car, 20.204432392120363, 2.723437452316282, -3.2107797265052787, 0.5942384600639343, 0.5544064652995959
000176.pid, car, 20.233150783338044, 2.6950659124474763, -3.2235256747195593, 0.6650216579437256, 12.410387126776662
000177.pid, car, 20.226901888847355, 2.6476964205503455, -3.269879534840583, 0.596777081489563, -171.59305761336327
000178.pid, car, 19.60049829984966, 4.916547825461937, -3.2424670395098225, 0.7360548973083496, 105.56217918417074
000179.pid, car, 20.28546615268873, 2.5724352131719157, -3.2797050165093458, 0.7815967798233032, 8.502357853086835
000180.pid, car, 20.28002004623413, 2.5620743870735168, -3.138949632644653, 0.7306309938430786, 5.923038884189272
000181.pid, car, 20.01323458353679, 3.767250188191731, -3.2044661045074454, 0.7053293585777283, 103.61514760412972
000182.pid, car, 20.360786337601514, 2.4775143297095004, -3.2037481508756933, 0.7210422158241272, 171.6026743541792
000183.pid, car, 20.11750617980957, 3.434067020416258, -3.228239774703979, 0.5386220216751099, 103.9457576926167
000184.pid, car, 20.36996248033312, 2.390510572327506, -3.2029240661197234, 0.6675085425376892, 151.57747816888138
000185.pid, car, 20.29669370651245, 2.7593424081802356, -3.2904031753540033, 0.6992881894111633, 104.08948544309706
000186.pid, car, 20.318217221428366, 2.776550853953642, -3.253129342023063, 0.7252010107040405, 104.129029716698
000187.pid, car, 20.052761713663738, 3.566386211486088, -3.163427273432413, 0.6836376786231995, 104.85689159394262
000188.pid, car, 20.4365964186819, 2.18662937691337, -3.3037867546081534, 0.6953508853912354, -140.2906869477263
000189.pid, car, 20.007254695892335, 3.5265401721000673, -3.229439687728881, 0.7284842729568481, 105.90251387830986
000190.pid, car, 20.42160758972168, 2.1107828974723786, -3.2906291604042046, 0.7021409869194031, -149.98049561948267
000191.pid, car, 20.420495128631593, 2.04049378633499, -3.249854111671447, 0.753142237663269, -171.72222185923033
000192.pid, car, 20.324558925628665, 2.4619939446449255, -3.3077211499214165, 0.7744198441505432, 103.55044265370036
000193.pid, car, 20.39550981067476, 2.015450943083987, -3.158047642026628, 0.6490968465805054, 173.86738586842455
000194.pid, car, 20.14130074637277, 3.262712507020856, -3.300775698253086, 0.6474814414978027, 103.74110814923537
000195.pid, car, 20.474768889577767, 1.9214603210750356, -3.201822983591179, 0.6979659199714661, -169.07875294986363
000196.pid, car, 20.477423477172852, 1.8748631417751285, -3.2858302593231192, 0.6417141556739807, 6.893869947734454
000197.pid, car, 20.47176332473755, 1.861454981565474, -3.15087387561798, 0.6837703585624695, 170.05907792452018
000198.pid, car, 20.014302444458007, 3.7245609462261178, -3.1736628055572504, 0.593489944934845, 104.67713513114624
000199.pid, car, 20.565318531460235, 1.7518580423461034, -3.225503855281405, 0.7201772332191467, 6.83944004092901
000200.pid, car, 20.571561177571613, 1.7233219345410633, -3.276695198482936, 0.595899224281311, -163.36444667584135
000201.pid, car, 20.580697901108685, 1.7170942671158702, -3.178537284626679, 0.6959235072135925, 163.78620929906506
000202.pid, car, 20.599586380852593, 1.6715323130289714, -3.2294545438554545, 0.6810455322265625, -172.0620124431222
000203.pid, car, 20.593816757202152, 1.646432948112484, -3.2051679293314606, 0.7029923796653748, -165.35808728994755
000204.pid, car, 20.001777013142906, 3.621739024917282, -3.2148553729057308, 0.6842965483665466, 105.80840868369432
000205.pid, car, 20.58220313577091, 1.5736222828135762, -3.2049280895906325, 0.6692883968353271, 9.837051984174959
000206.pid, car, 20.624610582987472, 1.5182111528184654, -3.1809850136439, 0.5409985184669495, -165.96386744654768
000207.pid, car, 20.370995872899105, 2.447820832854822, -3.2010754911523107, 0.6641983985900879, 103.98240484948845
000208.pid, car, 20.60870704650879, 1.4310406923294046, -3.215552675724029, 0.7351592183113098, 16.273814865874495
000209.pid, car, 20.490424201602032, 1.877763288361684, -3.2735818454197467, 0.6701241731643677, 103.71260894373155
000210.pid, car, 20.60441993264591, 1.374403792269088, -3.094767374150892, 0.7245025634765625, 4.143562389710647
000211.pid, car, 19.994543335654523, 3.6181060184131977, -3.2043735222382974, 0.6925950050354004, 105.6789461580943
000212.pid, car, 20.644479975980875, 1.2980292474522293, -3.1495676882126746, 0.6711918711662292, 12.96714365393134
000213.pid, car, 20.68450154756245, 1.2691059614482656, -3.1549139022827144, 0.7476639151573181, 177.3571806822051
000214.pid, car, 20.68007060459682, 1.2372702814283851, -3.1822459924788697, 0.7234724164009094, 175.3965270141115
000215.pid, car, 20.738669144479854, 1.2030168771743768, -3.170156378495065, 0.7158390283584595, 147.33043793475068
000216.pid, car, 20.75045136844411, 1.1225330163450777, -3.17654202966129, 0.6981866359710693, 164.72999823119443
000217.pid, car, 20.1099139993841, 3.3966620564460728, -3.2369236404245543, 0.6853504180908203, 106.13007883233426
000218.pid, car, 20.092912874723737, 3.3223273346298576, -3.2556265906283723, 0.7554600238800049, 106.71279220216904
000219.pid, car, 20.763368424915132, 1.0538076446169877, -3.1931383155641093, 0.7339245080947876, 168.56050233854094
000220.pid, car, 20.736307239532472, 1.0055018097162212, -3.216069054603576, 0.7507182359695435, 5.445637066068649
000221.pid, car, 20.7748107001895, 0.9513370252790905, -3.2249057633536196, 0.7470426559448242, -161.87653776830842
000222.pid, car, 20.75399560928345, 0.9499765217304208, -3.20852403640747, 0.6733937859535217, 169.6371262576915
000223.pid, car, 20.231510758399967, 2.82890075072646, -3.21278354525566, 0.5927504301071167, 104.72690424993472
000224.pid, car, 20.724843175787676, 0.8337799122459003, -3.156045838406211, 0.6634838581085205, 171.73839543822996
000225.pid, car, 20.729991310521175, 0.7756394681177634, -3.2307715917888435, 0.7008442282676697, 2.1948963374569495
000226.pid, car, 20.738548379195365, 0.7377653435656877, -3.2886190916362557, 0.7334988713264465, 1.1553824333211002
000227.pid, car, 20.735666676571494, 0.6925108150431962, -3.3241682554546146, 0.6251145005226135, 161.1796822064247
000228.pid, car, 20.74408058893113, 0.6455384691556274, -3.3260812759399405, 0.6292744874954224, 165.22911643540976
000229.pid, car, 20.656574942848902, 1.0704392221840933, -3.3729426427320988, 0.7006151676177979, 103.44938000169444
000230.pid, car, 20.755964572613056, 0.5590014205529112, -3.275355696678161, 0.6441904306411743, 159.09394985321845
000231.pid, car, 20.62385835647583, 1.058431619405745, -3.2859802365303032, 0.6973193287849426, 103.46145598310864
000232.pid, car, 20.522355932938428, 1.588755617016238, -3.3882349792279682, 0.722916305065155, 103.58452948419273
000233.pid, car, 20.781792273888225, 0.45243011988125875, -3.1715354185837956, 0.671486496925354, 152.21180080405844
000234.pid, car, 20.807735697428384, 0.42077091435591096, -3.235511255264282, 0.6262272000312805, -173.53304782627458
000235.pid, car, 20.412322235107425, 1.9280771573384603, -3.401368697484334, 0.633265495300293, 104.57738110361116
000236.pid, car, 20.786904758877224, 0.3234942365023825, -3.385390215449862, 0.6961528062820435, -152.76587078675794
000237.pid, car, 20.461388270060226, 1.4743217640530482, -3.2818670405281907, 0.6624482870101929, 103.05946729276046
000238.pid, car, 20.704759470621745, 0.20173268044988218, -3.341630617777505, 0.6790624260902405, 178.3052615942037
000239.pid, car, 19.747923244129527, 3.831637943258758, -3.3726786158301607, 0.7297494411468506, 105.12251667420594
000240.pid, car, 19.981991171836857, 2.8234457268845268, -3.3889019042253485, 0.7054854035377502, 105.1536316220955
000241.pid, car, 20.632845401763916, 0.07713547756429495, -3.282063305377959, 0.684567928314209, 164.41088762327064
000242.pid, car, 20.666242957115177, 0.019012036151249134, -3.3462809771299358, 0.6973116993904114, 175.8866134169472
000243.pid, car, 20.66326789855957, -0.028547620400787347, -3.3808735052744536, 0.6691910028457642, 161.03048698845205
000244.pid, car, 20.681610924857008, -0.04894749647272789, -3.2681126083646497, 0.700958251953125, 158.8985582891464
000245.pid, car, 20.52928994831286, 0.4831175349138074, -3.3515942222193664, 0.7064758539199829, 102.21206833303225
000246.pid, car, 20.661503174725702, -0.19173237843000965, -3.358785867691039, 0.6438108682632446, 14.01937190602065
000247.pid, car, 20.459652649728877, 0.9842682982745901, -3.3084983574716667, 0.7223364114761353, 102.52297073615918
000248.pid, car, 20.677064895629883, -0.21555188484489918, -3.2739175347720866, 0.7497597932815552, 143.85917390260641
000249.pid, car, 20.678450266520187, -0.3060041060050338, -3.411418279012044, 0.5977964997291565, 32.12931005354333
000250.pid, car, 20.69262802600861, -0.3364754617214203, -3.2929030060768114, 0.6391444802284241, 21.013426765884365
000251.pid, car, 19.85305054982503, 2.790157853729196, -3.360768662558661, 0.7350187301635742, 104.36594624074354
000252.pid, car, 20.586999638875326, -0.37928015887737465, -3.298514048258463, 0.7205983400344849, 148.8406615158359
000253.pid, car, 20.331757377175723, 0.9359188540016921, -3.3258272619808413, 0.7311831116676331, 101.79805320275004
000254.pid, car, 20.641552567481998, -0.496761413291102, -3.3521553426980963, 0.6263763904571533, -159.80624701411375
000255.pid, car, 20.213744163513184, 1.5293806973430846, -3.3370129664738966, 0.6713956594467163, 101.82080700044352
000256.pid, car, 20.60936523886288, -0.5672324895858781, -3.3425844977883723, 0.7074097394943237, 174.13172493819232
000257.pid, car, 20.629011273384094, -0.5927550606429586, -3.27012188732624, 0.7086164951324463, 162.98958003026817
000258.pid, car, 19.776950229297988, 2.807590301741253, -3.3047946474768892, 0.7546985149383545, 104.000757327298
000259.pid, car, 20.652758053370885, -0.634102504168238, -3.263283337865556, 0.6933098435401917, 9.135378644527231
000260.pid, car, 20.63699754079183, -0.6661944588025411, -3.422756075859069, 0.714789867401123, 169.43731990608768
000261.pid, car, 20.674370574951173, -0.7403015693028806, -3.357122071584065, 0.7036056518554688, 156.17903613045053
000262.pid, car, 20.6284444472369, -0.7425000702633602, -3.4074870418099787, 0.7080050110816956, 157.58235323882013
000263.pid, car, 20.69645391191755, -0.7690435903412934, -3.302373783929007, 0.6361623406410217, 163.75579979968248
000264.pid, car, 20.572361098395458, -0.1279817985163838, -3.3268624676598435, 0.5030108094215393, 102.09755408115691
000265.pid, car, 20.718974565204825, -0.8403382520926663, -3.301899608812833, 0.5552584528923035, 6.735168411522675
000266.pid, car, 20.404552247789173, 0.5505876872274595, -3.2968137529161234, 0.5538836717605591, 102.81860135661337
000267.pid, car, 20.74524043156551, -0.8813464137224073, -3.1040841432718125, 0.6446411609649658, 151.26991140565613
000268.pid, car, 20.728384971618652, -0.8912546568446736, -3.300257815255058, 0.6125130653381348, 21.83042950915162
000269.pid, car, 20.73229199364072, -0.9171217566444767, -3.2788812887100938, 0.6316522359848022, 172.6439340939071
000270.pid, car, 20.47292242050171, 0.3735422551631906, -3.4390693068504326, 0.633220911026001, 101.71122482301497
000271.pid, car, 20.702734554515164, -0.9640541532460406, -3.3096280939438754, 0.6065527200698853, 156.93871631599364
000273.pid, car, 20.105998266310923, 1.34052072820209, -3.289739358992802, 0.5762113928794861, 103.6517640638476
000274.pid, car, 20.264244174957277, 0.8410502225160592, -3.283008801937103, 0.6510987877845764, 102.27637654720694
000275.pid, car, 20.64467938741048, -1.0119904941982725, -3.2525774108039, 0.6266126036643982, 174.87757795545525
000276.pid, car, 20.650486900692893, -1.0322018350873687, -3.3062494595845533, 0.6289369463920593, 11.278010180927476
000277.pid, car, 20.6153138478597, -1.0436178147792816, -3.2648304435941906, 0.6046614646911621, 176.43880780546093
000279.pid, car, 20.61584921444164, -1.0784001210156617, -3.317893098382388, 0.6003785133361816, 172.51557609926274
000280.pid, car, 20.529239754927787, -0.46542407964405447, -3.4285735958500907, 0.6448063254356384, 101.12808174765138
000281.pid, car, 19.857873333825008, 1.9560358689890949, -3.3468110693825612, 0.6581985950469971, 105.39369297044627
000282.pid, car, 19.47756582895915, 2.8900297045707672, -3.296257114410399, 0.6133635640144348, 106.19325423917434
000283.pid, car, 18.41494965553284, 6.227888700862721, -3.326763957738876, 0.5797494649887085, 106.6789427150141
000286.pid, person, 10.632392692565922, 25.94649912516276, -4.363030974070231, 0.4464545249938965, -72.50732203617042
000286.pid, car, 19.34376129351164, 2.935939079836792, -3.3404986481917525, 0.5556577444076538, 107.38550444885466
000287.pid, car, 19.738490441266233, 1.7115533632390627, -3.2809083882500136, 0.5899671912193298, 107.38571436189888
000288.pid, car, 19.765518612331817, 1.5510146352979843, -3.239648156695895, 0.6500134468078613, 107.60894113405818
000288.pid, car, 11.598659118016563, 23.6630539894104, -3.588875810305277, 0.524394690990448, -73.50818692908103
000289.pid, car, 19.87365602192126, 1.1016981225264673, -3.3335962671982613, 0.6177988648414612, 108.11417136712649
000290.pid, car, 11.66866319829768, 21.563160722905938, -3.5787943493236187, 0.5198610424995422, -62.93063296932737
000290.pid, car, 20.71678706577846, -1.4472740150633339, -3.232277983710879, 0.5112490653991699, -0.5377068753991328
000291.pid, car, 12.120942227980672, 20.309273214901197, -3.569176379372091, 0.6592996716499329, 110.66182864823702
000291.pid, car, 20.73387680053711, -1.4655652880668661, -3.199850761890411, 0.6568833589553833, 7.24695698246371
000292.pid, car, 20.71150458486457, -1.531075145068923, -3.229931354522704, 0.5140130519866943, 7.005151293492887
000293.pid, car, 19.78542754961097, 1.8154642063638444, -3.2533341905345083, 0.6568610668182373, 107.16117525373502
000294.pid, car, 20.332063615322113, -0.46419046074152215, -3.249170333147048, 0.5958167910575867, 110.24819202961666
000295.pid, car, 20.764077266057335, -1.6985030670960786, -3.2367161711057015, 0.7077774405479431, 5.0424624474790125
000296.pid, car, 20.51685317357381, -0.9155081775453411, -3.268878459930419, 0.6870219111442566, 108.22775395972167
000297.pid, car, 20.765357698713032, -1.8238234179360546, -3.2122091111682702, 0.7645189762115479, 20.939873055081012
000299.pid, car, 19.501004825938832, 2.653220095417714, -3.395133289423855, 0.5804942846298218, 105.08435016912063
000302.pid, car, 20.548391673875894, -0.8794083180634872, -3.2396109000496236, 0.6113154888153076, 100.94905572470581
000303.pid, car, 20.29407918453217, -0.023622820774717113, -3.2494701246420536, 0.7001205682754517, 104.21806356009172
000307.pid, car, 20.921446380615233, -2.2939168930053735, -3.2483549499511715, 0.6918343901634216, 178.52509809505912
000308.pid, car, 20.902764456612722, -2.3077139854431143, -3.1770467417580734, 0.7675989270210266, 164.03312122649066
000309.pid, car, 19.776464608999397, 1.2279755427287151, -3.2929512904240528, 0.720586359500885, 105.61464982423648
000310.pid, car, 19.90769788493281, -0.8299309274424695, -3.283052962759266, 0.8061257004737854, 123.25318166999917
000311.pid, person, 20.936656349583675, -2.483137532284386, -3.3536931840996984, 0.34509509801864624, 4.3200986535798895
000312.pid, car, 20.945558630901836, -2.5356683834739395, -3.196314749510391, 0.606522262096405, 178.13477763069668
000314.pid, person, 20.66314840316773, -2.6317984461784416, -3.356243431568146, 0.8321334719657898, 114.78460472430685
000315.pid, person, 20.717164230346686, -2.718082952499395, -3.4171879291534433, 0.8378850221633911, 121.6781653922266
000316.pid, person, 20.67066415150961, -2.680028239885971, -3.275487462679546, 0.7858375310897827, 116.85378113393982
000318.pid, person, 20.6345500946045, -2.657233079274501, -3.1322025458017984, 0.8775206804275513, -61.38981388243999
000319.pid, person, 20.692528406778976, -2.8322500387827603, -3.261970758438111, 0.8525140881538391, 97.91265380194577
000321.pid, car, 21.00926086425782, -2.9963938236236602, -3.2243163013458247, 0.5661973357200623, 168.9084349147715
000322.pid, car, 21.041667034751494, -3.0728247918580722, -3.2337352100171532, 0.652553141117096, 7.399826665137917
000323.pid, car, 21.06220660002335, -3.0936599503392777, -3.2784307106681494, 0.648359477519989, 11.174364819291458
000324.pid, car, 21.050912039620535, -3.121037982759021, -3.182938201086861, 0.8057870864868164, 135.41231062766855
000325.pid, person, 10.447163105010993, -4.053064544995633, -4.001556317011516, 0.6850719451904297, -118.56965491167932
000325.pid, car, 21.06440217154367, -3.168010427838282, -3.1705756414504274, 0.6205450296401978, -2.3350166794966256
000325.pid, car, 16.08900885148482, -2.4192710031162674, -3.2320465716448696, 0.619800329208374, 148.85708240868425
000326.pid, person, 10.487840652465826, -4.048877080281581, -3.6337158679962163, 0.7485303282737732, 38.18700410145855
000326.pid, car, 16.146583875020347, -2.7646262822327854, -3.2890703678131104, 0.6163734793663025, -58.10730511302575
000326.pid, car, 21.107498168945316, -3.2296096086502075, -3.176617557352238, 0.5866801738739014, 17.65419184818707
000327.pid, person, 10.411279678344734, -4.197743892669686, -3.906803369522095, 0.7540812492370605, -119.25942305730516
000328.pid, person, 10.371913671493537, -4.276175856590279, -4.044300734996796, 0.7228108048439026, 34.95882788582313
000328.pid, car, 15.990196723937991, -3.645983467102056, -3.347670249938965, 0.5576275587081909, -85.16026028731196
000329.pid, person, 20.836164474487312, -3.370013535022742, -3.2636714577674866, 0.8777579665184021, 110.25622178732401
000329.pid, person, 10.309729576110847, -4.364150683085131, -3.954339822133383, 0.742759108543396, -136.09108388819055
000329.pid, car, 16.06735303997994, -4.1206583306193405, -3.433933906257153, 0.7230594158172607, -81.57917778738931
000329.pid, car, 21.07377566461978, -3.4583229811295237, -3.1814621116804034, 0.6047183275222778, 162.06315381985632
000330.pid, person, 20.869403457641607, -3.4916499614715635, -3.324727106094361, 0.8829365372657776, 116.63566765186658
000330.pid, person, 10.193728208541877, -4.489242196083077, -3.94449520111084, 0.6947810649871826, 64.40730793089301
000330.pid, car, 21.102369142615277, -3.49143527901691, -3.201234858968983, 0.6346861124038696, 11.02293410886861
000330.pid, car, 15.84214151822604, -4.635189215342207, -3.483004252115886, 0.5451443195343018, -88.08184353395748
000331.pid, person, 20.932315190633144, -3.6038517157236796, -3.304525216420492, 0.8725669980049133, 99.2366894751606
000331.pid, person, 10.169526815414436, -4.603618621826179, -3.9613224267959595, 0.6026710271835327, 48.94807107997058
000331.pid, car, 15.72941072781881, -4.660980191495688, -3.3876028259595237, 0.6721975803375244, -88.47609699620972
000331.pid, car, 21.13247316533869, -3.539670803330164, -3.1690035950053814, 0.6366989612579346, 9.378738609664039
000332.pid, person, 20.910042953491217, -3.6068924903869695, -3.314140462875367, 0.8640760779380798, -55.127987639598096
000332.pid, person, 9.7458577685886, -4.82501480314467, -3.3242260879940435, 0.36680981516838074, 5.6279996365617935
000332.pid, person, 14.70870145161947, -4.4062887827555395, -3.0709353288014736, 0.3348371088504791, -102.48978407217575
000332.pid, car, 21.14999207583341, -3.5700428377498317, -3.133413434028625, 0.7357088327407837, -167.34454301739817
000332.pid, car, 15.577734470367433, -5.333665527403359, -3.4776634499430656, 0.6332908272743225, -90.7653610515857
000332.pid, car, 15.186970333720366, -6.14439444763716, -3.5209542485170577, 0.6151405572891235, 71.29555546296568
000333.pid, person, 20.928354263305668, -3.603619376818344, -3.284991065661113, 0.8568096160888672, 111.96026576786524
000333.pid, person, 14.615620994567877, -4.676353549957282, -3.0691571712493895, 0.37953445315361023, -106.63621724109012
000333.pid, car, 21.16552858767302, -3.635098353676175, -3.1636581006257423, 0.7791681885719299, 161.88761198730643
000333.pid, car, 15.249465183778245, -6.200943740931424, -3.4909121719273655, 0.7019358277320862, -105.64724364976922
000333.pid, car, 15.58570735594806, -5.680182092330039, -3.516231894493103, 0.689591109752655, -99.10441563229759
000334.pid, person, 20.98607476552328, -3.7330547173818016, -3.3885502020517984, 0.8679912090301514, 73.93871867436047
000334.pid, car, 21.18906482897307, -3.70237721894917, -3.159464007929751, 0.7473256587982178, 4.376635488016339
000334.pid, car, 15.367071700818613, -5.772699861815485, -3.5460169532082304, 0.7124446630477905, -107.16477423543355
000334.pid, car, 15.148811365428728, -6.150843720687065, -3.5300503718225573, 0.5426099300384521, -110.29736582994951
000335.pid, person, 20.99766486031669, -3.7905258451189368, -3.4252301624843056, 0.8833012580871582, -64.13636162482427
000335.pid, person, 9.50369003840856, -5.300656250544961, -3.2285413742065407, 0.339739590883255, 2.2811258442082702
000335.pid, car, 21.210371277549054, -3.7710433331402893, -3.193104668097062, 0.7239217758178711, 3.204747172478827
000335.pid, car, 14.830846132550924, -6.333712387084964, -3.460744551249913, 0.7207140326499939, -112.07471298741581
000336.pid, person, 21.04361772537232, -3.899689376354223, -3.3594243526458745, 0.8773846626281738, 111.55898716588791
000336.pid, person, 9.566475868225105, -5.539708137512215, -4.059241930643718, 0.48270711302757263, 98.26694113705516
000336.pid, person, 9.425047961148353, -5.485253030603584, -3.260271007364446, 0.31975671648979187, -160.17445132289052
000336.pid, car, 21.24738849293102, -3.8133513168855147, -3.116856715895912, 0.7834926247596741, 11.34008935047164
000336.pid, car, 14.836298453502168, -6.449540395003102, -3.4791322488051195, 0.7115565538406372, -112.10657483695908
000336.pid, car, 14.711972554524742, -6.761009329841252, -3.5105738810130522, 0.5952022671699524, -110.20902696326971
000337.pid, person, 9.289429664611822, -5.645174225171407, -3.375259160995483, 0.40638819336891174, 33.981837133382925
000337.pid, car, 14.659103197209976, -6.834133134168739, -3.5121840729432945, 0.8073575496673584, -111.58754624512164
000337.pid, car, 21.28821990966797, -3.8960889339447022, -3.180875635147095, 0.7502590417861938, 12.206349611800128
000338.pid, person, 9.179257392883306, -5.843900362650558, -3.3954352140426622, 0.4765615463256836, 1.0549851860046207
000338.pid, car, 21.324685414632164, -3.957957687832063, -3.199517159234909, 0.7558741569519043, -163.41775418588105
000338.pid, car, 14.439063512361969, -6.968664193764712, -3.566477702214167, 0.7450821399688721, -123.20439095150601
000339.pid, car, 21.333279070646867, -3.971224805583127, -3.148246423057887, 0.7787815928459167, 13.293372615579338
000339.pid, car, 14.154532973830767, -7.265753810470173, -3.5136677703341923, 0.7752646207809448, -120.05699062545429
000340.pid, person, 8.98502604166667, -6.180690129597983, -3.307501554489134, 0.5783916711807251, 15.59502225829852
000340.pid, car, 14.165582810678792, -7.335062780687889, -3.4389699274493806, 0.875899076461792, -119.89648888923591
000340.pid, car, 21.325130939483646, -4.037502239147823, -3.1495767831802364, 0.7606841921806335, 177.90486694675573
000340.pid, car, 13.842935959498089, -7.519850889841717, -3.522618644767337, 0.5382308959960938, -127.51594546033925
000341.pid, person, 8.81406288146973, -6.372854423522949, -3.0677971124649037, 0.43402010202407837, 20.795590320753053
000341.pid, car, 13.883917372567314, -7.3957238061087525, -3.4649084159306116, 0.8846558928489685, -119.89538746871705
000341.pid, car, 21.344145254655317, -4.131186463616111, -3.1949254057624117, 0.7701931595802307, 176.3653077423158
000342.pid, person, 21.09442488352458, -4.19343785444896, -3.371484637260437, 0.8866217136383057, 115.31917354270374
000342.pid, car, 13.955203508075918, -7.5023012412221854, -3.4792841547413875, 0.8083481788635254, -129.68484070046338
000342.pid, car, 21.376697623211406, -4.200155392937042, -3.1646493206853448, 0.7840005159378052, 168.37095111290645
000343.pid, person, 21.148289489746098, -4.369323730468756, -3.3550380706787117, 0.893242597579956, 97.25435625972045
000343.pid, person, 8.608418178558354, -6.762665033340456, -3.2135565042495715, 0.3611011803150177, 22.25937890615371
000343.pid, car, 13.764159565880188, -7.59697280611311, -3.509603261947632, 0.8822759389877319, -133.35744817615335
000343.pid, car, 21.36214126586914, -4.270281238555909, -3.212896404266357, 0.7298048734664917, 17.6250238961039
000344.pid, person, 21.179470300674442, -4.407634556293494, -3.337021619081497, 0.8551687598228455, 88.51409590592404
000344.pid, car, 13.52628874167418, -7.760411568177056, -3.5734255497272196, 0.8784035444259644, -130.85037335735996
000344.pid, car, 21.371991530708645, -4.3635213686072305, -3.201706336892169, 0.6417794823646545, 15.585106256122922
000345.pid, person, 21.20495905194964, -4.448571409497949, -3.2842945711953293, 0.8756227493286133, 112.35117534795754
000345.pid, car, 13.341370476616754, -7.699092970954049, -3.402766240967645, 0.8954485654830933, -133.59806181786095
000345.pid, car, 21.40344901311965, -4.429341089157833, -3.1748258386339447, 0.7271195650100708, -161.20738778518253
000346.pid, person, 21.21158842606978, -4.509209546175876, -3.2567083185369317, 0.8767161965370178, 110.64535426914235
000346.pid, car, 13.383234733190294, -7.69127261332977, -3.4091486564049363, 0.8512129783630371, -134.14142418859794
000346.pid, car, 21.394793701171874, -4.467418994903567, -3.202499675750732, 0.7501955628395081, 4.781252180997176
000347.pid, person, 21.204670800103084, -4.528004540337463, -3.3103779157002773, 0.8908198475837708, -78.27374106448445
000347.pid, car, 13.116364567778835, -7.9820995552595315, -3.5795728051385214, 0.8936177492141724, -133.17989326551202
000347.pid, car, 21.38472557067871, -4.521792650222781, -3.2183381120363865, 0.7358890175819397, 2.725318882589819
000348.pid, person, 21.22755813598633, -4.540132181985045, -3.265137025288173, 0.8857197165489197, 119.49923100882314
000348.pid, person, 8.484984715779632, -7.534398396809905, -3.3863436381022143, 0.777106761932373, -145.69730040184623
000348.pid, car, 12.94783254350935, -8.064403411320281, -3.5053357328687396, 0.8839871287345886, -132.7193204526517
000348.pid, car, 21.436266051398384, -4.560267819298641, -3.1873439417945004, 0.7739836573600769, 166.65940983067196
000349.pid, person, 21.275172472000126, -4.666030764579779, -3.3312454819679265, 0.8777236938476562, -74.33769843625413
000349.pid, car, 13.023233697769491, -7.999769170233548, -3.588606524974742, 0.8534444570541382, -140.3650001738915
000349.pid, car, 21.456593880286583, -4.641786318558914, -3.1593649203960705, 0.8178082704544067, 0.6940842982293336
000350.pid, person, 21.269253540039067, -4.704424619674688, -3.332462430000305, 0.8786987066268921, 118.9723832478242
000350.pid, person, 8.245941400527961, -7.938339352607735, -3.49716079235077, 0.6777431964874268, -138.83332315803696
000350.pid, car, 12.854731364683674, -8.143500696529046, -3.669329209761186, 0.8925979733467102, -137.2293684900156
000350.pid, car, 21.464860126889985, -4.696561122762747, -3.1661822549228007, 0.780196487903595, 175.37307095995095
000351.pid, person, 21.313137599400115, -4.828643458230161, -3.3990612711225237, 0.8740660548210144, -97.87369218934833
000351.pid, person, 8.124479611714689, -8.157909075419116, -3.55457353591919, 0.7257777452468872, 31.12866036594361
000351.pid, car, 12.840362842266378, -8.16458960068532, -3.5707028156671767, 0.8952944278717041, -138.23672307463292
000351.pid, car, 21.531414508819584, -4.756651143232982, -3.1298656960328413, 0.7483805418014526, 4.335783190427386
000352.pid, person, 21.320632171630866, -4.848060131073004, -3.488038110733032, 0.8725226521492004, -87.50420196447502
000352.pid, person, 8.037438392639167, -8.285369634628303, -3.5924161672592163, 0.7437528967857361, 19.82308407583002
000352.pid, car, 12.68328700065613, -8.215745878219607, -3.5933866798877716, 0.9030759930610657, -141.1475311731086
000352.pid, car, 21.55083383832659, -4.817594255719869, -3.143082039696829, 0.7709053158760071, 0.42346154035846695
000353.pid, person, 21.302123069763187, -4.8697400093078675, -3.291308403015138, 0.8846076726913452, 114.79508288497898
000353.pid, person, 7.9400808811187815, -8.481663703918466, -3.6401430368423466, 0.7253305912017822, -146.7269164983637
000353.pid, car, 12.54437945105813, -8.125998431986032, -3.664184965870597, 0.9004177451133728, -148.42177317539029
000353.pid, car, 21.559252688759255, -4.864922398015075, -3.1796122852124657, 0.7478765845298767, 176.95746299925804
000354.pid, person, 21.349421262741092, -4.958176314830786, -3.3668778836727147, 0.8930270671844482, 98.63762079177398
000354.pid, person, 7.8609251976013255, -8.659412701924651, -3.680644353230795, 0.7832157015800476, 33.40432886851981
000354.pid, car, 12.449267172813418, -8.126043868064883, -3.6663477778434754, 0.9164858460426331, -148.75590622027846
000354.pid, car, 21.535395275462758, -4.905134352770718, -3.157784971323879, 0.6636925339698792, 11.206976386052705
000355.pid, person, 21.353459494454523, -5.001612663269048, -3.320574011121478, 0.8881533741950989, 115.29258704800948
000355.pid, car, 12.539956808090212, -8.039167284965519, -3.6021740257740023, 0.9159209132194519, -148.9026147699039
000355.pid, car, 21.547328547427533, -4.973829018442253, -3.133923656062075, 0.754273533821106, -172.99898141779647
000356.pid, person, 21.371941157749724, -5.106967585427427, -3.4007584708077574, 0.8847720623016357, -74.6983466248175
000356.pid, car, 12.405925604013298, -8.213897044842062, -3.643870763289623, 0.916171669960022, -151.3160188939593
000356.pid, car, 21.554533549717497, -5.064239388420468, -3.160490501494634, 0.7342963218688965, 11.76673545819973
000357.pid, person, 21.376536475287548, -5.174984243181023, -3.2964471446143255, 0.8908889889717102, -59.60312554456413
000357.pid, car, 12.21689381806747, -8.245183695917547, -3.5859361472337143, 0.9128515124320984, -148.60384184937993
000357.pid, car, 21.553323745727543, -5.131138345469599, -3.153177292450614, 0.8243441581726074, -151.54506650770224
000358.pid, person, 21.403013610839846, -5.2564046382904115, -3.2807990312576303, 0.8520836234092712, -58.10688812904076
000358.pid, car, 12.33080225405486, -8.193989121395612, -3.661200015441231, 0.910356342792511, -149.47480921769005
000358.pid, car, 21.54448153755882, -5.202273954044691, -3.14391453699632, 0.8302798867225647, 11.186731830155006
000359.pid, person, 21.411374568939213, -5.294108549753831, -3.1646647254625964, 0.8268058896064758, -56.33009879688264
000359.pid, person, 7.247931480407724, -9.728310108184823, -3.817588150501251, 0.7974642515182495, -118.28074197145929
000359.pid, car, 12.261408442542669, -8.291152492402095, -3.4007973254673063, 0.9126535654067993, -149.7603974472648
000359.pid, car, 21.55755138397217, -5.238391327857973, -3.1363094687461848, 0.7748859524726868, 14.938181786002398
000360.pid, person, 21.432976150512697, -5.358910401662197, -3.146325635910034, 0.8678135871887207, -51.312617362535065
000360.pid, person, 7.256370544433601, -9.919673601786304, -3.6242521603902182, 0.74363112449646, -24.648771633256985
000360.pid, car, 12.153835606575013, -8.22919607162476, -3.666913944482803, 0.9072323441505432, -154.68986660707915
000360.pid, car, 21.55252965291341, -5.329384485880533, -3.1692786614100132, 0.6337857246398926, 177.19997498712146
000361.pid, person, 21.442440032958988, -5.434960160936632, -3.2089159829275955, 0.8755254149436951, -46.784167048563184
000361.pid, person, 7.114055633544929, -10.060011545817066, -3.8310592969258632, 0.800059974193573, -95.43140989690639
000361.pid, car, 12.184561212857567, -8.211901684602104, -3.615269124507904, 0.9082529544830322, -155.90233605666697
000361.pid, car, 21.56193572998047, -5.3982702064514205, -3.1564967441558833, 0.5071998834609985, 14.030767402514483
000362.pid, person, 21.45408916473389, -5.476648500987467, -3.128742933273316, 0.8838910460472107, -53.48576407947542
000362.pid, car, 12.134990878221467, -8.187577991950805, -3.635176751671768, 0.9104506969451904, -151.58527278996738
000362.pid, car, 21.58381131979136, -5.438582695447481, -3.12212560727046, 0.7544376254081726, 13.375056880391647
000363.pid, person, 21.489895213734023, -5.5469485196200345, -3.298401290720159, 0.8731064796447754, -73.79320927547451
000363.pid, car, 12.10048830786417, -8.254022276678754, -3.6746989627217146, 0.9096653461456299, -153.13825288245914
000363.pid, car, 21.64403882233993, -5.516866974208668, -3.2234279902085006, 0.7355692982673645, 11.479737761405252
000364.pid, person, 21.471952983311247, -5.60749701091222, -3.3103515761239195, 0.8474817872047424, -58.925648308258125
000364.pid, person, 6.850471655527758, -10.483448664347339, -4.140432993570965, 0.7180310487747192, -155.14187683509968
000364.pid, car, 12.115862582592257, -8.168427903601467, -3.630651666762981, 0.9105765223503113, -153.95580299465342
000364.pid, car, 21.66181587219239, -5.586371231079104, -3.2087112236022937, 0.7143027782440186, 4.533199043801484
000365.pid, person, 21.52854020254953, -5.6789135932922425, -3.35141818864005, 0.8775762915611267, 110.60483465384769
000365.pid, car, 12.10288429260254, -8.224027771698806, -3.6845475874449076, 0.911789059638977, -153.38696501654348
000365.pid, car, 21.726154259272985, -5.636746644973757, -3.153656652995518, 0.6913684606552124, 13.265839183676484
000366.pid, person, 21.532719748360773, -5.737204347338001, -3.4045752116612027, 0.8679783344268799, 114.19602499597366
000366.pid, person, 6.418838183085133, -11.068621635437024, -4.08997368812561, 0.7597398161888123, 35.82632133760466
000366.pid, car, 12.237416001253353, -8.185591986013016, -3.646800296251164, 0.9123485684394836, -155.17916122784126
000366.pid, car, 21.736180482087317, -5.6778330802917525, -3.2146078392311375, 0.6720333099365234, 1.3821878341682525
000367.pid, person, 21.60134458541871, -5.8330546617508, -3.4966346025466923, 0.8725500702857971, -77.66817526546669
000367.pid, person, 6.495734810829168, -11.11575174331666, -3.9550513029098515, 0.7847739458084106, 33.19478764783665
000367.pid, car, 12.073577556204292, -8.25775597957855, -3.5955541945518337, 0.9131048917770386, -155.1652156065044
000367.pid, car, 21.777085701624554, -5.754676143328351, -3.239680111408233, 0.748191237449646, 8.958078887857951
000368.pid, person, 21.561382611592617, -5.787788550059008, -3.3460654417673745, 0.8751618266105652, 117.29012984972506
000368.pid, person, 6.481441179911303, -11.270012537638356, -4.08113670349121, 0.8003454804420471, 29.458711062952297
000368.pid, car, 12.034734580827799, -8.257325079130094, -3.595071440157683, 0.9126262068748474, -157.02684534147323
000368.pid, car, 21.78907957531157, -5.795726026807515, -3.1734463260287322, 0.8109086751937866, -173.6853547797726
000369.pid, person, 21.55594507853191, -5.8149388631184955, -3.3573507467905688, 0.8697789907455444, -52.41133503031552
000369.pid, car, 12.12209773593479, -8.377230453491213, -3.6024580902523464, 0.9078064560890198, -152.2650042252725
000369.pid, car, 21.81544848850795, -5.843695078577314, -3.168699673243931, 0.8045691251754761, 174.95249786356072
000370.pid, car, 12.110281766847125, -8.23469058857408, -3.6060399066570192, 0.9080529808998108, -154.7256072491607
000370.pid, car, 21.872195503928445, -5.910475427454165, -3.1754818612878966, 0.8199651837348938, -165.3654000063153
000371.pid, person, 21.632424926757817, -5.958055019378668, -3.193147897720337, 0.8478935956954956, -39.09504642590053
000371.pid, car, 12.175746383666995, -8.191691961288454, -3.610412745475769, 0.902440071105957, -154.5259730735433
000371.pid, car, 21.89947976006402, -5.981247124848545, -3.140809544810542, 0.8333561420440674, -171.25907319354863
000372.pid, person, 21.70178752475315, -6.04643721050687, -3.22297215461731, 0.8454351425170898, 124.70778723255043
000372.pid, car, 12.185973252190486, -8.266436640421553, -3.569296868642171, 0.9051113128662109, -155.22485607614473
000372.pid, car, 21.89464894930522, -6.059802055358887, -3.1777711808681484, 0.8162816166877747, 167.51870848270684
000373.pid, person, 21.733310487535267, -6.134053124321838, -3.156887239880032, 0.8062466979026794, -45.346072884130024
000373.pid, car, 12.171967425588836, -8.245025731749458, -3.5244122723401605, 0.9067065715789795, -152.94391122652476
000373.pid, car, 21.938972881862096, -6.122860397611348, -3.1483296666826517, 0.8294749855995178, -169.8420217124105
000374.pid, person, 21.72174191474915, -6.155026614665991, -3.084943443536759, 0.8434189558029175, 118.98287873322053
000374.pid, car, 12.24998896462577, -8.224572965076995, -3.594653288523356, 0.9043486714363098, -153.68636887019048
000374.pid, car, 21.955751342773443, -6.17886787414551, -3.169710025787353, 0.675804078578949, 175.3849314237749
000375.pid, person, 21.779538726806642, -6.243800401687628, -3.1271150112152104, 0.8557769656181335, 125.04057028246338
000375.pid, car, 12.333886881132385, -8.17055258235416, -3.403041324099979, 0.9004461765289307, -152.28309947408297
000375.pid, car, 21.985146726880753, -6.220372370311192, -3.122890361717768, 0.7190508246421814, -162.04510529958299
000376.pid, person, 21.81165250142416, -6.2861739794413305, -3.1816975275675463, 0.84574294090271, 146.82085172241912
000376.pid, car, 12.170587539672853, -8.215294599533085, -3.5970531361443654, 0.9042052030563354, -153.78446409748113
000376.pid, car, 22.022067330100324, -6.258060585368764, -3.1715650883587916, 0.7719812989234924, 14.482328757209665
000377.pid, car, 12.240516602046908, -8.294946337503102, -3.4308677135951937, 0.9026293158531189, -155.71998205948813
000377.pid, car, 22.067795791625976, -6.33531307220459, -3.115483827590942, 0.7629917860031128, 8.759216366181434
000378.pid, car, 12.04925572872162, -8.306651125351591, -3.5926607598861064, 0.9014308452606201, -158.4341427149707
000378.pid, car, 22.092521095275877, -6.410817527770999, -3.201358771324158, 0.7400722503662109, -4.959757315259488
000379.pid, car, 12.003678654515468, -8.292563859806506, -3.6538615060407063, 0.901890218257904, -154.3748797794861
000379.pid, car, 22.171542667207262, -6.478352228800459, -3.139901569911411, 0.7814278602600098, 5.105119447465767
000380.pid, car, 12.157227414719605, -8.242092670278348, -3.621508892546309, 0.9019505977630615, -151.50132701371192
000380.pid, car, 22.189822977239437, -6.507916580546989, -3.0958213481036085, 0.760694682598114, 173.0854908571887
000381.pid, car, 12.213232547678848, -8.202314924686515, -3.6541475438057107, 0.9015309810638428, -154.84766779639386
000381.pid, car, 22.206766429700348, -6.5866612384193814, -3.154592087394312, 0.7358402609825134, -2.4621493950939595
000382.pid, car, 12.105780005455019, -8.250434607267382, -3.6069956024487815, 0.9058389067649841, -157.00049170293278
000382.pid, car, 22.250813224098902, -6.639667749404907, -3.1340750672600475, 0.7719866633415222, 3.345868677701584
000383.pid, person, 22.031045096261163, -6.701289040701736, -3.27612134388515, 0.8125659823417664, -56.71212968473468
000383.pid, car, 12.011266652275536, -8.25646802490833, -3.60674625752019, 0.9024187922477722, -154.49921269059647
000383.pid, car, 22.278544902801514, -6.686526695887248, -3.1681438883145643, 0.8039635419845581, -171.55439871255226
000384.pid, person, 22.080738449096685, -6.814846229553228, -3.196558618545533, 0.7893126606941223, 110.77570877476802
000384.pid, car, 12.112531019293746, -8.284194977387141, -3.555166648781818, 0.9096670746803284, -153.39473506379147
000384.pid, car, 22.30016526721773, -6.795746735164097, -3.231710297720772, 0.607524573802948, 6.010669697846112
000385.pid, person, 22.1066082848443, -6.927397039201531, -3.2681203948126902, 0.8283646106719971, 108.84343992582077
000385.pid, car, 12.159661641935026, -8.281584227957381, -3.626560984588251, 0.9076855182647705, -154.8708479735047
000385.pid, car, 22.29209696013352, -6.881054417840366, -3.182530995072989, 0.6838609576225281, 16.162231421834694
000386.pid, person, 22.117609447903106, -6.962239212459995, -3.122213919957479, 0.835809588432312, -52.72715341542907
000386.pid, car, 12.194686490435936, -8.166555615358579, -3.5908238000647965, 0.9065709710121155, -153.5018115315661
000386.pid, car, 22.32024266642909, -6.956897412576983, -3.133355940541913, 0.7145218849182129, 179.48746886013305
000387.pid, person, 22.17670822143555, -7.062888894762316, -3.1528416701725552, 0.8544369339942932, 127.34172910829606
000387.pid, car, 12.184588387955069, -8.205597189969799, -3.5975311578706255, 0.9087704420089722, -155.58614214732066
000387.pid, car, 22.301428187977184, -7.037351781671697, -3.239958232099359, 0.7183029651641846, 4.282672369020746
000388.pid, person, 22.174684524536136, -7.102329063415533, -3.1024077177047733, 0.8612354397773743, 119.9640459543391
000388.pid, car, 12.131261973910863, -8.352107249365915, -3.6100813812679715, 0.9087463021278381, -153.96197993874384
000388.pid, car, 22.32937754755435, -7.077431098274564, -3.1224857102269707, 0.7928175926208496, 14.041476051682215
000389.pid, person, 22.186653483997695, -7.164921240373096, -3.174057071859187, 0.8711181282997131, 121.5132367774601
000389.pid, car, 12.135243349297104, -8.189424980518432, -3.5954598936923716, 0.9052400588989258, -155.33950505045874
000389.pid, car, 22.373799057006835, -7.1468323135376, -3.1641913032531734, 0.7789208889007568, -165.9439665939316
000390.pid, person, 22.190145492553714, -7.205248900822238, -3.1724006789071226, 0.8660088777542114, -67.93600409994548
000390.pid, car, 12.096830389716411, -8.174910480325876, -3.6312874880704014, 0.9057539701461792, -153.57938681703726
000390.pid, car, 22.371147519066223, -7.209474518185573, -3.1501410234542107, 0.7802660465240479, 14.274087339728826
000391.pid, person, 22.217035770416267, -7.276857137680061, -3.151394605636597, 0.8724586367607117, -77.25393261363982
000391.pid, car, 12.089675183198892, -8.341098658892575, -3.6009885534948234, 0.9062117338180542, -153.45779964316006
000391.pid, car, 22.428447326024372, -7.254590451717377, -3.1116572221120187, 0.768680214881897, 13.235988317114465
000392.pid, car, 12.22511107126872, -8.179865190717912, -3.597572676340739, 0.9070056676864624, -158.12049494891878
000392.pid, car, 22.491016387939457, -7.33355728785197, -3.1325500541263147, 0.7787450551986694, 5.761118193458191
000393.pid, car, 12.026342995312751, -8.218966980369727, -3.5609700679779057, 0.9058929085731506, -153.65159118843982
000393.pid, car, 22.55874170575823, -7.389292887278965, -3.121636433260781, 0.7697861790657043, 18.498623718169895
000394.pid, car, 12.1116985366458, -8.154511939911618, -3.631032256853013, 0.9085926413536072, -156.88101232728212
000394.pid, car, 22.58812439959982, -7.4181496164073115, -3.1728029873060137, 0.7301142811775208, -166.89465321095565
000395.pid, car, 12.103014261826228, -8.269442775975106, -3.622473421304122, 0.9075481295585632, -153.85148316287047
000395.pid, car, 22.645323794821035, -7.46181112786998, -3.088548629180244, 0.7327376008033752, 18.924374479488694
000396.pid, car, 12.250852064652879, -8.205292907628149, -3.630871447649869, 0.9066653847694397, -152.76125800593508
000396.pid, car, 22.672702224166304, -7.525300396813287, -3.195915884441799, 0.5336532592773438, -161.15443748713807
000397.pid, car, 12.047299361810452, -8.263749390113647, -3.67450845532301, 0.9062064290046692, -154.39113252643483
000397.pid, car, 22.710822561512824, -7.583357624385671, -3.1343232030453883, 0.6353647112846375, -167.98647175009896
000398.pid, person, 22.464065551757823, -7.643133322397875, -2.990321079889934, 0.8200222849845886, 113.55517614880549
000398.pid, car, 12.060246918418192, -8.25184199593284, -3.519047823819247, 0.9006611108779907, -154.10471273388367
000398.pid, car, 22.73960304260254, -7.67577490439782, -3.241492124704213, 0.7415931224822998, 178.2367554679498
000399.pid, person, 22.482538223266612, -7.678303082784024, -2.9528711636861167, 0.8424559831619263, -96.01148044753356
000399.pid, car, 12.098801885332382, -8.27868841943287, -3.6193069389888217, 0.9049763083457947, -155.19500723890704
000399.pid, car, 22.76963882446289, -7.7387338066101075, -3.1604267311096184, 0.7150581479072571, 176.3381595281977
000400.pid, person, 22.549397659301768, -7.828201961517341, -3.0217331886291507, 0.8707589507102966, 127.1617982497809
000400.pid, car, 12.194508845989523, -8.215879403627838, -3.610704311957726, 0.9041843414306641, -152.07081749135963
000400.pid, car, 22.797832565307615, -7.80308687210083, -3.173226642608642, 0.6933477520942688, 179.26565125244815
000401.pid, person, 22.583130645751957, -7.903807544708258, -2.9790683269500735, 0.8660034537315369, -82.39945432305782
000401.pid, car, 12.145582792494034, -8.196512677934438, -3.619039864010281, 0.9033156037330627, -153.38120740527413
000401.pid, car, 22.836629038271703, -7.875758710114854, -3.209389323773591, 0.7728931307792664, 10.37779220068343
000402.pid, person, 22.59041659037273, -7.961654822031664, -3.0433050791422525, 0.8495575785636902, 107.26182377703321
000402.pid, car, 11.929505105112115, -8.44146963194305, -3.5942666203367946, 0.9032278060913086, -152.44432085783055
000402.pid, car, 22.879212061564132, -7.896337244245743, -3.1723966598510733, 0.7488967180252075, -155.35836852998705
000403.pid, car, 12.129588233100046, -8.152758142683245, -3.6589129818810355, 0.9070780873298645, -154.99043324158282
000403.pid, car, 22.8743257522583, -7.974543491999309, -3.158211211363474, 0.6537327170372009, 15.040097245081084
000404.pid, car, 12.174728176810527, -8.250042904507033, -3.597485471855511, 0.9080771803855896, -154.1140808224765
000404.pid, car, 22.933442406032395, -8.017329962357234, -3.2126346982043716, 0.6519630551338196, 6.74366082904561
000405.pid, car, 12.172046731158003, -8.264138012397583, -3.7098381635619373, 0.9051430821418762, -151.4216568724743
000405.pid, car, 22.956774159481654, -8.088703657451433, -3.218644531149613, 0.7017495036125183, -27.725018450870657
000406.pid, car, 12.11412503767987, -8.211107497312588, -3.5527173499671783, 0.9085226655006409, -155.5119709203607
000406.pid, car, 23.03059286229751, -8.106107880087462, -3.1763672127443194, 0.7435075044631958, 151.57302245112894
000407.pid, car, 12.060218772109677, -8.253729703475022, -3.6180249379605662, 0.8999847173690796, -150.49324026587257
000407.pid, car, 23.120036866929798, -8.143213828404747, -3.325482818815443, 0.7475526332855225, 134.59213858512194
000408.pid, car, 12.189857194298193, -8.21066611064108, -3.3845887999785575, 0.9004232883453369, -154.1939689262128
000408.pid, car, 23.149451700846353, -8.175570487976076, -3.3399863243103023, 0.7860953211784363, 147.7002405367929
000409.pid, car, 12.184044445262238, -8.179714735816509, -3.4511272311210632, 0.8989567756652832, -156.2913219701324
000409.pid, car, 23.215259340074326, -8.21158062087165, -3.3576782279544397, 0.7719988822937012, 88.54765618165708
000410.pid, car, 12.240163714386698, -8.219703530156337, -3.5505594874537274, 0.900955855846405, -156.49793965544546
000410.pid, car, 23.273266673088077, -8.270611405372623, -3.4519475996494284, 0.7877199053764343, 101.23242449017614
000411.pid, car, 12.214387476444246, -8.168194899956388, -3.6475465397040048, 0.8956994414329529, -153.37451586889503
000411.pid, car, 23.331210017204285, -8.313065528869632, -3.315020561218261, 0.7669098973274231, 106.94973765612072
000412.pid, car, 12.28173465477793, -8.237755574678122, -3.3755156084110864, 0.8955460786819458, -153.69674795363917
000412.pid, car, 23.374525427818302, -8.371730744838716, -3.235768690705299, 0.7714254260063171, 110.42521235363425
000413.pid, car, 12.25234153658845, -8.17221693659938, -3.5703881064126657, 0.8880502581596375, -155.09410783491654
000414.pid, car, 12.284485411970584, -8.251567892832302, -3.401007253829747, 0.8754478693008423, -153.00379214626918
000415.pid, car, 12.179442732301478, -8.298817908927187, -3.3779053132827968, 0.888751745223999, -152.96111809733654
000416.pid, car, 12.134756823948454, -8.321080289568222, -3.3989483765193396, 0.872683584690094, -154.12263465479245
000417.pid, car, 12.16542389733451, -8.360711451939176, -3.4675789969308037, 0.8793423771858215, -150.3474619063078
000418.pid, car, 12.013418038686119, -8.475846087491075, -3.416139947043525, 0.8937108516693115, -154.49417487150032
000419.pid, car, 11.962251599629722, -8.444212955898712, -3.4983014000786676, 0.8945398926734924, -151.53255506287218
000420.pid, person, 13.056889707391916, -8.05104977434332, -3.722696867856112, 0.32000309228897095, 125.85353654215633
000420.pid, car, 11.891450828976105, -8.410856803258262, -3.565598362021976, 0.8636471033096313, -153.74957242214828
000421.pid, car, 11.377602338790897, -8.31687922775746, -3.624990612268448, 0.8930888175964355, -154.87449254139042
000422.pid, car, 11.26474292461689, -8.476969920671909, -3.5438571526454044, 0.8953250050544739, 14.808500829280556
000423.pid, car, 11.33758102763783, -8.501922679669933, -3.537429022066521, 0.9084338545799255, -158.94234917119164
000424.pid, car, 10.875417216070772, -8.561561469374038, -3.600222579364119, 0.9009314775466919, 22.98926547874177
000425.pid, car, 10.78259897232056, -8.618597115789147, -3.6100637742451265, 0.8908237814903259, -148.52901670734738
000426.pid, car, 10.452328430978879, -8.616338704761711, -3.7105670100764225, 0.8980559706687927, 16.288738711869396
000427.pid, car, 10.136846563090455, -8.869850987973424, -3.6755956048550815, 0.9083444476127625, 19.66379163310676
000428.pid, car, 9.96260183334351, -9.013573436737065, -3.757850570678711, 0.9055331945419312, -151.47486319429024
000429.pid, car, 9.44762666225434, -9.173397231101998, -3.7343464255332948, 0.885417640209198, 21.841806510162048
000429.pid, car, 11.688261795043948, -8.991479301452642, -3.984574699401854, 0.540320873260498, 2.337786191199612
000430.pid, car, 9.562448374430344, -9.225105031331388, -3.805835151672363, 0.8896405100822449, -154.50480247387534
000431.pid, car, 9.176823170979825, -9.222324943542485, -3.853488047917684, 0.881546139717102, -150.30967443400877
000432.pid, car, 8.994412081582214, -9.308949742998406, -3.7477244990212584, 0.8958650231361389, 18.090408935136168
000433.pid, car, 8.91128960777732, -9.311699025771203, -3.8353470774257885, 0.8893299102783203, 8.477548244522032
000434.pid, car, 8.345765330574737, -9.432751482183294, -3.697686780582775, 0.8810324668884277, -152.77349310411063
000436.pid, car, 6.988394737243658, -9.646022071838383, -3.8559548091888427, 0.8555501699447632, 50.3636770915886
000437.pid, car, 6.658425960540777, -9.686432189941412, -3.9632911491394043, 0.7899838089942932, 57.946059746905604
000442.pid, person, 3.751982152462014, -15.908749024073293, -3.346725285053253, 0.33422359824180603, 157.30393065269752
000443.pid, person, 3.7172093174674363, -15.928262103687644, -3.361723683097146, 0.35181695222854614, 2.429708754430748
000444.pid, person, 3.7597088336944657, -15.911913585662854, -3.3136457920074465, 0.3074418306350708, -18.064192609304804
000445.pid, person, 3.7202205260594763, -15.955422560373952, -3.40607237815857, 0.3053470253944397, -166.9235113129638
000446.pid, person, 3.7451750315152776, -15.943785594059879, -3.3883153108450084, 0.32248571515083313, -5.703198737215111
000447.pid, person, 3.778762479623166, -15.966214497884124, -3.3922751347223916, 0.3268948495388031, -40.05437776264955
000451.pid, person, 3.730029940605172, -15.943737506866464, -3.3969502250353494, 0.3079671263694763, -9.484792759244876
000459.pid, person, 26.147549343109137, -10.216312885284427, -3.190724444389342, 0.33740469813346863, 49.15387187183485
000465.pid, person, 26.564450860023502, -10.216331601142885, -3.1635127067565914, 0.454611212015152, -54.45366607228342
000466.pid, person, 26.636738035413956, -10.21123610602485, -3.1404017474916244, 0.3767735958099365, -27.500755100487332
000467.pid, person, 26.709197521209717, -10.198783516883852, -3.220449537038802, 0.3697977066040039, -5.515028198441408
000470.pid, person, 3.7404815912246803, -15.973898887634288, -3.427158308029175, 0.30295276641845703, 170.9830655144187
000478.pid, person, 3.7407841032201663, -15.962212389165716, -3.4187102317810063, 0.3033762574195862, -159.85510382444386
000483.pid, person, 3.7565868894259213, -15.918566703796396, -3.3483237624168396, 0.3433983623981476, 156.04429828633826
000484.pid, person, 3.72575533390046, -15.94029410680136, -3.3973561127980556, 0.35059797763824463, -6.225233912564006
000487.pid, person, 3.715432862440752, -15.974064588546762, -3.4413990974426274, 0.3228578567504883, -23.170211433430918
000488.pid, person, 3.717961861537062, -15.95137148637039, -3.3911459445953374, 0.3205072581768036, 5.68966723219464
000498.pid, person, 3.7113346656163615, -15.950063705444345, -3.4009471337000527, 0.3122294545173645, -169.14194461583452
000569.pid, person, 3.7609026432037442, -15.909248698841452, -3.309279528531161, 0.3002775013446808, 159.52389328542003
